Point
8
15
16
19
21
23
26
42
44
46
53
55
61
65
73
75
79
86
102
103
116
127
133
138
139
141
148
150
158
161
181
184
185
193
194
199
204
205
206
208
209
214
225
230
238
244
251
253
260
272
273
277
287
322
327
331
340
343
353
376
378
381
387
395
397
398
399
402
404
406
410
415
420
424
428
431
439
440
444
448
458
465
473
474
480
512
518
527
530
541
544
545
548
550
551
552
561
565
573
575
591
593
594
599
600
608
617
618
619
620
626
628
629
640
645
651
663
665
683
684
703
708
732
733
738
744
749
753
754
756
773
775
782
784
787
792
796
810
812
821
826
835
846
848
859
862
870
874
880
897
900
901
904
906
908
914
915
918
925
932
943
946
947
953
957
961
988
1002
1015
1021
1027
1045
1047
1056
1082
1089
1092
1094
1104
1105
1108
1118
1123
1128
1140
1146
1148
1159
1161
1165
1166
1169
1190
1195
1200
1205
1223
1228
1229
1236
1239
1271
1273
1286
1302
1306
1320
1327
1334
1337
1339
1345
1355
1366
1376
1379
1381
1385
1386
1388
1391
1402
1403
1404
1407
1411
1413
1422
1425
1435
1445
1450
1451
1456
1461
1465
1466
1475
1482
1487
1495
1497
1511
1515
1521
1529
1531
1535
1540
1552
1553
1560
1563
1564
1566
1571
1572
1587
1601
1602
1605
1611
1617
1621
1622
1625
1641
1651
1657
1663
1666
1667
1668
1671
1674
1676
1678
1692
1696
1697
1703
1711
1714
1719
1731
1740
1753
1755
1758
1773
1782
1797
1798
1808
1811
1815
1821
1822
1825
1841
1844
1855
1859
1874
1877
1881
1883
1898
1904
1905
1914
1916
1928
1936
1947
1950
1952
1953
1965
1968
1979
1987
2003
2005
2010
2025
2026
2027
2039
2064
2072
2076
2078
2102
2107
2108
2111
2121
2122
2125
2135
2140
2146
2148
2164
2166
2168
2170
2178
2183
2196
2199
2210
2224
2225
2241
2257
2263
2266
2268
2270
2281
2283
2284
2305
2315
2329
2330
2352
2354
2355
2357
2362
2370
2374
2385
2391
2393
2401
2410
2411
2415
2424
2425
2427
2429
2438
2460
2476
2478
2486
2490
2498
2503
2509
2512
2517
2543
2558
2562
2566
2570
2579
2581
2586
2587
2596
2600
2612
2613
2642
2644
2654
2661
2674
2690
2695
2697
2709
2712
2716
2725
2727
2743
2744
2753
2762
2764
2766
2768
2770
2780
2781
2782
2789
2794
2796
2809
2811
2817
2832
2834
2836
2843
2846
2851
2853
2863
2865
2867
2884
2901
2904
2906
2916
2920
2926
2927
2933
2936
2943
2955
2962
2971
2976
2980
2983
3025
3028
3034
3047
3053
3064
3067
3069
3075
3082
3090
3100
3101
3112
3114
3129
3135
3138
3159
3176
3187
3196
3199
3203
3210
3213
3218
3219
3225
3235
3240
3246
3248
3253
3255
3257
3270
3274
3288
3290
3292
3293
3299
3303
3306
3307
3314
3333
3334
3340
3343
3371
3372
3373
3382
3384
3385
3389
3392
3394
3398
3402
3408
3409
3421
3427
3441
3452
3456
3459
3461
3463
3482
3494
3500
3506
3512
3514
3520
3523
3526
3531
3533
3536
3541
3545
3549
3550
3553
3554
3557
3565
3571
3575
3591
3596
3601
3604
3614
3618
3625
3643
3647
3648
3663
3669
3673
3674
3691
3699
3700
3701
3702
3705
3710
3711
3721
3727
3729
3735
3748
3749
3755
3767
3768
3771
3772
3774
3780
3786
3795
3802
3805
3810
3811
3812
3820
3822
3825
3835
3836
3837
3838
3844
3856
3862
3882
3884
3891
3904
3905
3914
3921
3926
3939
3946
3947
3957
3958
3959
3967
3977
3978
3987
3990
3998
4003
4004
4008
4014
4017
4020
4029
4044
4077
4093
4094
4095
4099
4102
4114
4116
4125
4131
4154
4155
4161
4167
4172
4181
4190
4191
4194
4197
4203
4205
4206
4236
4237
4245
4246
4247
4249
4258
4260
4269
4272
4285
4287
4289
4292
4295
4303
4304
4307
4309
4310
4318
4321
4330
4336
4347
4353
4355
4359
4364
4368
4370
4378
4381
4396
4398
4415
4419
4421
4424
4431
4439
4440
4446
4448
4451
4462
4474
4478
4479
4496
4498
4502
4503
4505
4510
4542
4554
4556
4559
4561
4568
4582
4588
4600
4604
4611
4619
4622
4632
4660
4663
4670
4678
4682
4691
4692
4696
4705
4711
4719
4740
4741
4743
4749
4752
4765
4769
4770
4783
4789
4795
4798
4809
4810
4817
4820
4822
4826
4846
4854
4857
4878
4884
4885
4888
4894
4903
4912
4926
4932
4938
4940
4943
4946
4958
4960
4962
4963
4966
4969
4973
4984
4988
4996
5001
5012
5020
5031
5037
5038
5044
5048
5049
5064
5069
5076
5079
5093
5096
5106
5118
5120
5130
5143
5147
5149
5156
5160
5161
5166
5172
5175
5194
5198
5202
5205
5212
5213
5215
5216
5218
5226
5227
5235
5253
5254
5262
5266
5270
5276
5277
5278
5280
5290
5293
5304
5305
5307
5321
5330
5334
5337
5341
5348
5351
5354
5359
5377
5390
5398
5401
5418
5438
5443
5444
5447
5451
5465
5471
5473
5476
5478
5479
5484
5492
5498
5504
5505
5506
5518
5519
5522
5525
5549
5550
5565
5571
5579
5586
5591
5592
5595
5607
5608
5620
5628
5630
5642
5645
5647
5650
5652
5662
5666
5672
5673
5677
5681
5684
5695
5732
5733
5739
5760
5762
5766
5773
5775
5792
5797
5803
5805
5808
5809
5810
5814
5824
5834
5848
5849
5850
5854
5860
5861
5865
5873
5880
5882
5888
5891
5911
5919
5923
5925
5930
5949
5957
5965
5966
5971
5973
5975
5985
5987
5991
5997
6005
6028
6046
6049
6055
6057
6063
6065
6072
6074
6075
6076
6104
6121
6127
6132
6134
6137
6140
6143
6149
6150
6153
6159
6161
6162
6175
6182
6186
6188
6189
6194
6200
6201
6215
6216
6219
6229
6234
6238
6242
6253
6263
6319
6320
6328
6329
6330
6339
6346
6349
6354
6356
6357
6358
6362
6375
6380
6381
6386
6391
6397
6399
6402
6409
6411
6415
6424
6436
6440
6442
6444
6450
6454
6456
6468
6473
6476
6483
6485
6493
6507
6519
6524
6525
6529
6532
6535
6548
6561
6566
6572
6579
6599
6608
6612
6618
6623
6629
6634
6656
6661
6671
6672
6673
6679
6682
6683
6687
6692
6702
6705
6707
6709
6717
6721
6735
6741
6747
6755
6758
6760
6765
6768
6771
6772
6785
6800
6804
6815
6827
6828
6836
6849
6855
6859
6861
6862
6863
6874
6876
6887
6890
6897
6898
6901
6904
6910
6912
6913
6915
6927
6929
6930
6941
6943
6958
6960
6966
6968
6973
6976
6989
6993
6994
6998
7003
7010
7011
7012
7017
7035
7038
7042
7047
7050
7052
7060
7061
7062
7067
7079
7097
7102
7104
7105
7111
7112
7115
7121
7136
7148
7150
7151
7161
7163
7164
7165
7170
7175
7189
7190
7194
7199
7202
7208
7211
7221
7224
7225
7227
7236
7255
7256
7260
7278
7283
7307
7325
7339
7351
7362
7366
7372
7376
7378
7381
7391
7394
7404
7412
7413
7416
7426
7428
7447
7453
7460
7465
7470
7476
7478
7480
7481
7496
7498
7499
7508
7509
7516
7531
7535
7544
7547
7549
7552
7558
7569
7571
7572
7576
7590
7595
7596
7598
7603
7605
7606
7608
7611
7618
7623
7629
7630
7636
7637
7638
7639
7640
7641
7654
7662
7665
7669
7670
7677
7682
7687
7696
7702
7720
7721
7728
7744
7753
7765
7786
7788
7805
7828
7833
7836
7837
7839
7843
7845
7852
7858
7869
7875
7876
7880
7885
7898
7906
7910
7913
7917
7919
7921
7936
7939
7953
7954
7956
7971
7976
7993
7995
7996
8010
8012
8016
8019
8027
8035
8042
8043
8047
8050
8052
8059
8074
8075
8083
8085
8102
8106
8107
8112
8113
8116
8123
8169
8190
8194
8205
8221
8226
8231
8239
8241
8247
8250
8253
8259
8260
8277
8280
8287
8305
8311
8315
8316
8317
8321
8341
8342
8345
8347
8362
8363
8369
8372
8381
8408
8413
8419
8421
8431
8436
8446
8458
8460
8463
8470
8475
8477
8495
8499
8514
8517
8523
8526
8527
8536
8540
8550
8561
8562
8574
8586
8592
8594
8595
8597
8602
8603
8606
8608
8616
8623
8628
8635
8651
8661
8668
8669
8681
8687
8688
8698
8702
8714
8715
8716
8721
8725
8735
8741
8748
8749
8756
8757
8760
8762
8769
8787
8788
8789
8806
8811
8813
8817
8836
8837
8839
8848
8851
8862
8872
8890
8895
8901
8907
8912
8915
8924
8939
8957
8960
8962
8966
8971
8978
8985
8987
8988
9003
9007
9009
9015
9028
9042
9057
9061
9066
9082
9096
9101
9105
9117
9120
9123
9126
9147
9154
9155
9156
9164
9190
9191
9199
9204
9208
9210
9213
9214
9222
9225
9229
9231
9251
9254
9264
9269
9272
9273
9283
9293
9298
9301
9305
9314
9320
9321
9322
9327
9329
9335
9339
9346
9347
9352
9353
9364
9369
9377
9383
9393
9394
9395
9397
9400
9407
9408
9421
9423
9426
9433
9434
9439
9442
9443
9444
9447
9451
9453
9464
9474
9485
9495
9497
9510
9526
9529
9538
9551
9556
9561
9565
9566
9575
9591
9594
9603
9613
9614
9622
9623
9626
9629
9634
9648
9650
9663
9665
9668
9678
9693
9696
9701
9708
9711
9712
9721
9730
9735
9745
9752
9761
9766
9779
9801
9802
9808
9829
9838
9846
9870
9878
9879
9885
9887
9890
9909
9915
9918
9935
9960
9961
9964
9965
9966
9968
9974
9976
9978
9981
9982
10006
10029
10034
10041
10046
10047
10055
10071
10077
10080
10100
10102
10108
10110
10118
10138
10141
10143
10150
10154
10165
10180
10182
10183
10184
10193
10194
10197
10211
10216
10218
10221
10223
10227
10228
10236
10240
10243
10253
10268
10270
10271
10273
10275
10278
10303
10306
10312
10316
10321
10332
10335
10340
10342
10345
10353
10357
10358
10363
10370
10376
10386
10388
10389
10390
10393
10396
10415
10416
10425
10437
10450
10461
10468
10476
10478
10490
10497
10503
10505
10516
10517
10527
10532
10535
10536
10538
10543
10552
10567
10585
10589
10590
10596
10603
10623
10635
10636
10638
10642
10645
10656
10657
10671
10688
10691
10692
10693
10701
10702
10706
10712
10718
10729
10732
10751
10754
10756
10762
10770
10771
10779
10781
10787
10793
10797
10816
10823
10825
10826
10829
10834
10846
10851
10870
10871
10879
10881
10890
10892
10904
10913
10917
10919
10934
10935
10938
10939
10943
10949
10961
10977
10981
10982
10993
10994
10998
11002
11010
11011
11013
11014
11021
11023
11027
11034
11035
11036
11045
11047
11049
11056
11058
11059
11061
11068
11077
11079
11082
11084
11088
11091
11095
11096
11128
11131
11132
11140
11150
11161
11165
11166
11169
11171
11173
11183
11184
11185
11192
11193
11194
11200
11208
11209
11211
11224
11226
11238
11246
11253
11266
11269
11271
11276
11279
11285
11288
11290
11297
11299
11304
11307
11322
11330
11331
11332
11333
11335
11348
11351
11352
11361
11366
11386
11393
11394
11399
11403
11411
11415
11421
11423
11432
11433
11440
11457
11466
11474
11477
11488
11490
11491
11501
11520
11523
11529
11534
11536
11537
11539
11544
11555
11558
11565
11568
11578
11583
11587
11596
11608
11612
11616
11618
11627
11635
11641
11645
11646
11652
11653
11655
11667
11673
11674
11677
11708
11709
11718
11727
11730
11732
11736
11740
11750
11762
11763
11770
11772
11773
11777
11781
11783
11784
11789
11791
11800
11801
11803
11808
11813
11814
11816
11826
11831
11849
11858
11862
11886
11898
11901
11926
11929
11933
11942
11964
11971
11974
11975
11976
11979
11991
11999
12002
12003
12004
12005
12006
12014
12030
12037
12038
12044
12051
12056
12065
12072
12075
12087
12088
12091
12092
12098
12100
12107
12110
12111
12112
12115
12119
12125
12127
12135
12144
12149
12153
12156
12171
12195
12201
12209
12211
12218
12222
12225
12226
12228
12233
12234
12238
12246
12249
12251
12261
12275
12280
12281
12291
12311
12315
12320
12325
12328
12330
12336
12337
12340
12341
12342
12350
12352
12355
12356
12374
12378
12397
12420
12425
12439
12440
12441
12455
12459
12462
12469
12472
12479
12482
12492
12493
12494
12497
12498
12499
12500
12503
12505
12512
12516
12523
12534
12538
12540
12542
12544
12546
12549
12551
12552
12563
12564
12565
12576
12577
12587
12588
12594
12595
12602
12603
12611
12614
12633
12636
12646
12647
12656
12658
12659
12661
12669
12670
12674
12682
12684
12693
12694
12699
12704
12707
12715
12718
12720
12744
12754
12756
12757
12758
12767
12783
12791
12792
12795
12803
12820
12826
12829
12831
12834
12839
12843
12852
12853
12855
12859
12876
12879
12883
12897
12900
12928
12930
12936
12940
12944
12945
12946
12981
12989
12993
12995
12999
13017
13027
13035
13046
13047
13053
13065
13066
13068
13069
13070
13096
13098
13105
13109
13116
13119
13122
13123
13130
13138
13145
13147
13149
13157
13160
13164
13165
13174
13176
13180
13184
13189
13195
13204
13209
13210
13221
13226
13227
13240
13252
13260
13266
13269
13275
13287
13296
13301
13304
13313
13316
13320
13321
13328
13329
13333
13350
13366
13369
13371
13375
13380
13395
13396
13400
13411
13418
13426
13429
13437
13439
13440
13442
13456
13460
13468
13487
13494
13504
13513
13526
13527
13531
13546
13547
13558
13566
13574
13577
13586
13588
13592
13597
13599
13601
13603
13608
13611
13612
13613
13616
13631
13642
13659
13666
13677
13684
13686
13692
13704
13708
13729
13730
13731
13736
13741
13744
13745
13759
13763
13764
13768
13770
13774
13785
13786
13791
13802
13809
13812
13819
13828
13832
13852
13853
13857
13865
13894
13898
13899
13913
13917
13936
13946
13959
13969
13980
13998
14001
14003
14015
14028
14030
14033
14038
14040
14058
14061
14063
14066
14087
14092
14097
14099
14122
14126
14146
14150
14154
14159
14160
14170
14172
14173
14177
14185
14189
14192
14199
14200
14205
14207
14219
14221
14222
14224
14228
14238
14243
14255
14256
14260
14269
14272
14273
14274
14276
14288
14296
14302
14303
14306
14325
14334
14336
14342
14344
14350
14352
14360
14376
14379
14381
14382
14399
14401
14406
14407
14411
14413
14419
14423
14434
14439
14440
14441
14442
14443
14445
14454
14458
14462
14463
14466
14472
14487
14511
14512
14525
14532
14549
14556
14560
14574
14577
14586
14590
14602
14605
14625
14638
14643
14669
14677
14680
14686
14705
14711
14714
14718
14721
14730
14742
14743
14747
14748
14754
14776
14780
14783
14785
14804
14815
14826
14836
14847
14852
14855
14862
14866
14871
14873
14878
14899
14909
14921
14924
14927
14934
14935
14946
14951
14955
14964
14969
14973
14976
14978
14988
14990
14996
