Point
2
14
18
20
30
32
41
49
62
67
69
80
81
88
110
112
117
119
121
122
129
131
134
137
143
154
155
157
162
165
169
170
172
178
186
203
228
233
235
237
239
262
267
269
274
278
297
301
302
308
310
311
318
332
336
362
365
366
368
385
390
401
403
408
409
422
433
442
449
455
460
468
471
484
492
497
499
501
503
505
507
520
521
539
556
557
559
568
585
588
592
596
597
598
607
612
613
616
621
622
643
648
664
677
678
679
682
690
701
706
707
716
748
757
760
767
768
769
783
786
788
793
795
801
802
814
820
825
827
829
833
836
839
850
854
871
875
879
881
898
902
911
924
927
930
941
942
950
951
954
956
968
974
979
981
984
992
1013
1020
1023
1026
1028
1033
1040
1048
1064
1067
1076
1077
1084
1091
1099
1109
1116
1119
1121
1130
1132
1135
1142
1143
1145
1149
1152
1154
1156
1158
1170
1173
1179
1184
1194
1197
1201
1208
1211
1213
1214
1218
1237
1238
1241
1242
1249
1250
1251
1255
1256
1265
1267
1272
1283
1293
1294
1296
1309
1315
1332
1341
1342
1348
1352
1373
1375
1397
1400
1423
1433
1439
1447
1470
1473
1474
1488
1492
1496
1504
1508
1516
1522
1525
1527
1528
1532
1537
1545
1549
1559
1573
1583
1597
1600
1604
1606
1608
1629
1633
1640
1646
1652
1653
1656
1665
1675
1682
1684
1698
1700
1715
1718
1721
1725
1733
1735
1741
1745
1751
1754
1761
1764
1765
1776
1779
1781
1787
1788
1795
1796
1804
1805
1816
1818
1830
1833
1834
1835
1836
1851
1852
1857
1864
1869
1871
1884
1889
1897
1911
1917
1919
1923
1930
1944
1959
1974
1978
1982
1992
1998
2011
2015
2029
2031
2034
2040
2044
2055
2060
2062
2067
2068
2073
2090
2097
2103
2105
2114
2117
2118
2126
2128
2130
2136
2141
2144
2151
2153
2160
2161
2167
2176
2182
2184
2187
2190
2191
2216
2234
2235
2236
2238
2245
2251
2252
2253
2260
2271
2278
2279
2280
2293
2297
2300
2302
2316
2322
2324
2325
2331
2335
2356
2358
2359
2380
2381
2382
2396
2409
2421
2422
2435
2443
2450
2451
2453
2454
2465
2468
2481
2483
2485
2510
2514
2515
2522
2532
2540
2549
2554
2555
2556
2559
2573
2574
2582
2584
2604
2605
2607
2609
2615
2623
2624
2626
2634
2649
2651
2659
2660
2662
2667
2672
2673
2684
2691
2699
2702
2704
2710
2717
2722
2731
2733
2739
2752
2773
2779
2791
2793
2797
2819
2824
2837
2841
2859
2866
2872
2876
2879
2883
2886
2888
2892
2895
2897
2907
2915
2918
2923
2925
2934
2939
2940
2944
2946
2952
2954
2957
2964
2965
2969
2973
2989
3002
3009
3013
3021
3036
3038
3051
3060
3063
3071
3077
3078
3081
3083
3085
3103
3111
3119
3143
3144
3146
3148
3163
3165
3167
3184
3198
3204
3205
3206
3207
3214
3216
3222
3226
3231
3238
3249
3262
3263
3265
3278
3280
3297
3298
3309
3318
3327
3348
3350
3354
3360
3374
3378
3379
3383
3395
3399
3401
3406
3410
3416
3418
3432
3444
3451
3460
3467
3469
3471
3475
3479
3481
3485
3487
3499
3502
3504
3507
3510
3513
3515
3519
3528
3532
3539
3566
3567
3568
3574
3590
3594
3599
3610
3611
3621
3626
3632
3634
3637
3641
3651
3653
3654
3664
3667
3683
3687
3690
3694
3706
3708
3724
3730
3736
3750
3751
3760
3762
3773
3775
3776
3777
3788
3791
3792
3796
3803
3813
3824
3828
3852
3853
3858
3868
3880
3888
3889
3890
3897
3920
3928
3933
3936
3960
3962
3971
3983
4001
4009
4016
4018
4027
4035
4038
4041
4043
4045
4048
4051
4067
4070
4072
4073
4079
4085
4088
4103
4105
4107
4112
4120
4121
4122
4124
4129
4132
4138
4142
4144
4149
4150
4156
4163
4164
4170
4173
4175
4176
4182
4184
4186
4187
4189
4199
4201
4213
4214
4219
4221
4225
4227
4232
4251
4254
4262
4265
4268
4274
4282
4297
4299
4308
4316
4319
4320
4327
4331
4333
4339
4343
4361
4366
4373
4376
4380
4384
4388
4390
4402
4403
4406
4410
4412
4413
4414
4420
4428
4441
4453
4457
4458
4459
4461
4467
4468
4473
4480
4486
4526
4530
4538
4540
4544
4546
4551
4571
4575
4579
4580
4584
4596
4601
4603
4605
4608
4609
4623
4624
4628
4644
4645
4650
4652
4659
4661
4683
4688
4693
4699
4703
4707
4710
4715
4717
4720
4731
4734
4742
4746
4753
4754
4756
4760
4761
4766
4772
4776
4781
4784
4786
4794
4796
4797
4799
4801
4803
4804
4808
4813
4827
4829
4836
4837
4842
4847
4848
4860
4861
4862
4865
4866
4872
4875
4889
4899
4905
4913
4919
4950
4955
4957
4959
4961
4968
4977
4989
4990
4992
4993
5003
5009
5024
5025
5029
5033
5039
5040
5043
5050
5051
5052
5055
5059
5068
5080
5091
5101
5103
5117
5122
5126
5131
5140
5145
5148
5154
5155
5157
5162
5169
5173
5180
5183
5186
5200
5204
5209
5220
5221
5231
5239
5245
5246
5247
5251
5252
5257
5263
5267
5269
5272
5289
5296
5298
5314
5318
5322
5335
5340
5346
5360
5370
5378
5386
5391
5396
5397
5410
5414
5421
5422
5423
5427
5441
5452
5472
5486
5489
5490
5493
5496
5497
5502
5503
5517
5526
5530
5531
5532
5537
5547
5558
5561
5562
5568
5574
5576
5588
5589
5601
5610
5611
5635
5637
5640
5646
5651
5656
5664
5669
5670
5671
5685
5686
5691
5692
5703
5711
5714
5716
5722
5724
5736
5742
5744
5745
5746
5752
5757
5771
5778
5795
5798
5812
5820
5828
5830
5833
5856
5862
5863
5867
5868
5871
5877
5879
5893
5896
5897
5899
5902
5907
5912
5916
5917
5928
5932
5955
5958
5960
5961
5967
5976
5992
5994
5995
5996
6006
6010
6012
6014
6017
6022
6024
6025
6029
6056
6061
6071
6077
6086
6088
6089
6093
6095
6102
6112
6124
6126
6128
6145
6148
6155
6158
6166
6174
6177
6180
6191
6193
6199
6202
6207
6209
6214
6217
6218
6220
6223
6226
6232
6239
6243
6258
6261
6262
6264
6267
6288
6289
6294
6301
6302
6305
6309
6310
6321
6322
6335
6337
6342
6347
6360
6361
6366
6379
6384
6396
6404
6407
6416
6420
6428
6438
6439
6446
6448
6457
6458
6463
6466
6475
6478
6482
6486
6491
6492
6498
6503
6513
6521
6526
6530
6540
6542
6552
6553
6554
6565
6589
6595
6607
6613
6640
6643
6649
6652
6662
6663
6667
6669
6680
6684
6686
6689
6718
6727
6751
6752
6762
6763
6782
6788
6793
6799
6802
6816
6817
6829
6830
6832
6834
6842
6843
6854
6857
6860
6869
6871
6872
6880
6885
6895
6900
6902
6907
6908
6914
6917
6919
6926
6933
6939
6952
6954
6965
6967
6974
6979
6980
6981
6983
6986
7009
7016
7018
7021
7030
7031
7033
7040
7055
7065
7074
7076
7080
7090
7094
7107
7109
7113
7119
7135
7137
7141
7145
7152
7156
7171
7177
7181
7197
7206
7210
7223
7231
7240
7242
7244
7250
7261
7267
7273
7282
7284
7287
7291
7293
7298
7301
7303
7310
7319
7345
7346
7352
7367
7374
7377
7379
7385
7388
7392
7395
7397
7399
7408
7410
7411
7417
7423
7431
7436
7437
7438
7442
7444
7449
7450
7458
7459
7471
7475
7477
7484
7489
7493
7501
7503
7505
7518
7527
7536
7542
7546
7557
7559
7567
7570
7584
7589
7592
7604
7616
7617
7631
7632
7651
7658
7659
7664
7671
7672
7674
7679
7693
7694
7695
7699
7704
7705
7709
7711
7725
7726
7729
7735
7739
7742
7748
7769
7774
7817
7827
7830
7848
7863
7866
7871
7877
7881
7884
7892
7899
7902
7907
7912
7927
7928
7937
7938
7940
7943
7944
7959
7960
7968
7970
7972
7973
7977
7980
7982
7985
7997
8003
8006
8011
8014
8015
8021
8022
8023
8031
8046
8048
8060
8061
8063
8068
8072
8086
8090
8095
8101
8126
8137
8150
8151
8160
8161
8165
8173
8179
8180
8182
8188
8196
8197
8199
8201
8207
8217
8219
8220
8223
8227
8233
8238
8246
8248
8249
8252
8262
8264
8273
8278
8279
8282
8293
8295
8297
8307
8309
8310
8318
8319
8323
8335
8343
8348
8352
8353
8357
8358
8367
8370
8375
8377
8380
8384
8387
8388
8391
8394
8396
8397
8399
8407
8410
8411
8415
8420
8422
8429
8432
8449
8453
8455
8459
8462
8465
8482
8485
8487
8489
8490
8508
8515
8520
8522
8538
8553
8563
8569
8571
8575
8577
8578
8579
8583
8596
8599
8604
8610
8617
8622
8630
8634
8638
8639
8645
8649
8659
8706
8709
8732
8740
8745
8746
8747
8752
8753
8765
8773
8774
8775
8782
8786
8790
8794
8799
8807
8819
8823
8824
8830
8834
8840
8842
8857
8861
8868
8881
8889
8894
8898
8900
8908
8911
8913
8917
8937
8947
8949
8950
8953
8959
8972
8982
8994
9004
9006
9008
9022
9032
9034
9044
9045
9052
9053
9058
9072
9075
9083
9085
9087
9094
9110
9113
9118
9121
9131
9135
9137
9146
9161
9166
9168
9174
9181
9182
9188
9189
9194
9202
9206
9209
9212
9219
9227
9232
9234
9242
9252
9256
9258
9261
9271
9274
9281
9285
9287
9290
9295
9299
9309
9312
9313
9326
9328
9333
9336
9342
9343
9350
9358
9365
9370
9374
9378
9380
9386
9428
9456
9461
9465
9468
9481
9498
9506
9507
9508
9512
9530
9539
9540
9545
9549
9550
9553
9554
9571
9576
9577
9579
9587
9595
9598
9606
9611
9615
9620
9624
9635
9638
9662
9664
9669
9671
9675
9676
9677
9679
9683
9684
9685
9705
9706
9724
9726
9736
9747
9759
9763
9769
9778
9781
9784
9786
9795
9806
9813
9817
9820
9828
9831
9832
9833
9835
9839
9843
9845
9849
9857
9859
9863
9865
9867
9869
9875
9880
9888
9893
9895
9896
9900
9903
9908
9916
9920
9921
9931
9933
9940
9948
9949
9958
9962
9963
9975
9990
9995
9996
9998
10024
10036
10042
10049
10051
10056
10058
10060
10068
10075
10076
10079
10083
10085
10086
10089
10093
10106
10109
10112
10114
10116
10127
10132
10133
10140
10146
10155
10158
10162
10172
10176
10185
10189
10191
10192
10214
10222
10229
10234
10235
10247
10257
10262
10266
10269
10277
10290
10294
10300
10301
10311
10319
10322
10326
10329
10344
10349
10351
10352
10359
10365
10380
10397
10404
10405
10418
10421
10422
10445
10446
10449
10453
10454
10460
10464
10465
10469
10470
10481
10499
10515
10525
10526
10541
10544
10547
10554
10556
10560
10564
10566
10569
10572
10582
10591
10607
10612
10613
10614
10624
10627
10631
10632
10633
10640
10644
10650
10652
10662
10665
10666
10680
10685
10690
10694
10700
10721
10731
10736
10738
10745
10747
10752
10757
10764
10767
10772
10780
10785
10789
10792
10799
10800
10801
10803
10806
10807
10828
10841
10852
10853
10855
10856
10867
10877
10883
10888
10895
10905
10925
10927
10932
10940
10947
10954
10966
10967
10972
10974
10980
10983
10985
10988
11017
11030
11048
11051
11053
11054
11055
11067
11071
11080
11102
11106
11107
11108
11116
11118
11120
11124
11136
11146
11151
11154
11172
11176
11186
11191
11195
11196
11199
11204
11212
11216
11227
11229
11230
11244
11255
11264
11291
11293
11294
11306
11318
11324
11339
11343
11344
11346
11353
11355
11359
11369
11376
11400
11406
11419
11422
11427
11430
11431
11439
11441
11443
11444
11448
11453
11460
11461
11473
11475
11479
11487
11493
11496
11497
11502
11508
11509
11510
11513
11516
11524
11528
11546
11552
11554
11556
11561
11563
11566
11572
11580
11597
11598
11607
11617
11623
11631
11633
11638
11644
11649
11656
11657
11658
11668
11699
11701
11706
11716
11723
11731
11734
11742
11754
11768
11774
11775
11790
11793
11795
11797
11805
11806
11807
11810
11821
11848
11851
11855
11856
11859
11867
11872
11877
11884
11887
11893
11894
11903
11904
11928
11941
11943
11944
11951
11957
11962
11963
11969
11977
11992
11994
11995
11998
12000
12001
12007
12021
12024
12035
12039
12040
12041
12042
12043
12064
12071
12073
12078
12083
12084
12086
12093
12113
12118
12131
12143
12150
12164
12169
12178
12181
12189
12202
12207
12215
12220
12221
12223
12232
12262
12267
12270
12271
12279
12282
12295
12296
12299
12301
12307
12309
12319
12321
12322
12326
12334
12338
12343
12347
12349
12351
12354
12357
12364
12366
12371
12380
12394
12399
12402
12404
12405
12408
12414
12417
12421
12430
12431
12448
12457
12458
12464
12466
12473
12476
12478
12488
12496
12504
12517
12518
12525
12531
12553
12554
12560
12566
12571
12584
12589
12619
12620
12622
12629
12630
12640
12644
12649
12652
12662
12663
12673
12676
12679
12686
12695
12697
12705
12713
12719
12721
12726
12730
12734
12736
12737
12738
12740
12748
12765
12768
12770
12781
12785
12787
12789
12793
12797
12802
12806
12819
12830
12835
12851
12861
12872
12873
12881
12882
12889
12908
12913
12917
12924
12926
12931
12935
12937
12939
12947
12966
12973
12977
12987
12991
12992
12998
13008
13013
13024
13033
13037
13048
13051
13059
13061
13088
13095
13100
13101
13102
13106
13108
13117
13121
13129
13136
13137
13140
13148
13154
13155
13156
13161
13163
13166
13167
13169
13191
13192
13196
13205
13219
13222
13234
13238
13239
13248
13249
13251
13255
13257
13261
13267
13270
13271
13274
13277
13280
13290
13308
13315
13322
13331
13343
13345
13348
13351
13355
13364
13367
13378
13379
13381
13389
13392
13405
13410
13412
13416
13420
13443
13452
13465
13467
13470
13477
13481
13499
13501
13503
13506
13514
13528
13533
13543
13587
13589
13593
13598
13602
13606
13617
13621
13623
13625
13628
13643
13646
13651
13661
13672
13681
13687
13690
13693
13695
13705
13707
13715
13721
13724
13734
13739
13740
13746
13750
13752
13769
13778
13780
13787
13793
13795
13803
13806
13807
13808
13814
13816
13822
13823
13825
13837
13839
13841
13845
13847
13850
13854
13860
13868
13871
13872
13876
13880
13881
13884
13891
13896
13903
13904
13933
13939
13940
13949
13951
13958
13962
13970
13982
13988
13992
13993
13997
14005
14008
14009
14013
14031
14035
14048
14049
14050
14052
14064
14075
14076
14081
14083
14088
14091
14093
14101
14104
14106
14115
14116
14117
14120
14128
14130
14135
14137
14138
14147
14151
14152
14155
14156
14157
14161
14181
14182
14188
14195
14198
14201
14220
14232
14235
14236
14239
14246
14248
14250
14252
14254
14265
14268
14295
14300
14301
14304
14307
14309
14311
14318
14322
14323
14326
14332
14338
14343
14348
14351
14356
14357
14364
14371
14387
14392
14403
14416
14417
14418
14427
14432
14438
14444
14459
14478
14480
14481
14483
14488
14494
14499
14505
14506
14507
14508
14513
14523
14536
14540
14545
14546
14550
14561
14565
14566
14569
14581
14583
14585
14604
14611
14614
14615
14616
14618
14620
14628
14631
14632
14639
14644
14660
14664
14665
14673
14674
14684
14690
14691
14699
14703
14704
14708
14713
14716
14717
14720
14728
14731
14746
14750
14751
14752
14756
14763
14767
14778
14800
14802
14803
14809
14818
14832
14844
14849
14853
14857
14859
14860
14861
14863
14865
14880
14887
14888
14890
14898
14907
14910
14911
14930
14931
14932
14942
14947
14948
14953
14956
14958
14962
14974
14977
14979
14989
14993
14995
14997
15000
