Point
5
11
34
35
47
50
64
82
84
87
90
104
107
113
118
124
125
136
144
145
146
153
179
182
189
196
211
212
215
217
231
236
240
242
243
246
247
249
254
263
275
280
286
288
290
293
296
303
312
315
323
326
328
329
330
339
341
347
367
369
374
375
380
388
391
394
396
400
405
414
416
417
419
423
435
441
445
446
450
453
467
475
477
483
488
489
490
494
502
504
509
517
533
535
540
554
560
577
578
582
609
614
615
634
646
660
666
687
693
698
704
709
713
714
718
722
734
737
745
746
747
750
752
755
763
774
778
781
789
797
800
805
809
815
817
819
828
834
843
844
851
863
865
866
873
889
899
903
912
923
929
937
939
962
967
969
977
978
980
983
985
987
990
997
1000
1001
1004
1009
1010
1016
1022
1025
1029
1031
1032
1037
1038
1054
1055
1059
1065
1074
1081
1083
1090
1093
1096
1106
1117
1126
1131
1136
1139
1150
1151
1162
1176
1187
1225
1230
1233
1253
1254
1262
1266
1269
1282
1284
1288
1301
1303
1304
1305
1307
1313
1316
1318
1322
1323
1335
1336
1340
1347
1358
1364
1371
1374
1378
1380
1390
1392
1398
1410
1420
1427
1431
1454
1460
1463
1467
1471
1476
1480
1486
1489
1534
1547
1555
1561
1562
1567
1575
1576
1577
1581
1582
1584
1607
1609
1614
1615
1626
1627
1628
1632
1636
1645
1647
1648
1655
1662
1670
1679
1688
1699
1704
1707
1723
1726
1727
1732
1737
1738
1739
1747
1757
1774
1775
1777
1792
1807
1809
1812
1819
1828
1831
1839
1842
1847
1849
1856
1858
1862
1868
1875
1878
1880
1890
1899
1903
1906
1907
1913
1915
1918
1924
1927
1929
1937
1940
1943
1958
1960
1966
1969
1970
1983
1986
1989
1990
1996
1997
2009
2017
2019
2020
2030
2035
2042
2052
2071
2074
2079
2082
2084
2093
2098
2099
2100
2113
2116
2127
2142
2155
2157
2171
2177
2179
2181
2193
2201
2202
2204
2206
2207
2211
2212
2213
2214
2227
2249
2250
2255
2259
2272
2282
2285
2287
2289
2290
2291
2298
2303
2307
2319
2326
2327
2332
2337
2340
2341
2344
2350
2361
2364
2369
2373
2376
2379
2383
2394
2399
2400
2406
2416
2418
2426
2440
2441
2456
2462
2464
2466
2469
2474
2482
2484
2496
2504
2508
2511
2527
2531
2533
2534
2535
2544
2546
2547
2550
2560
2567
2569
2571
2572
2590
2591
2595
2606
2608
2619
2627
2631
2636
2638
2643
2645
2647
2648
2668
2671
2682
2703
2708
2718
2721
2723
2732
2734
2746
2747
2748
2749
2754
2756
2759
2760
2765
2767
2769
2772
2777
2783
2785
2799
2803
2810
2820
2826
2827
2830
2850
2858
2862
2864
2868
2871
2881
2896
2908
2911
2928
2930
2956
2968
2970
2972
2978
2981
2987
2998
2999
3003
3004
3015
3019
3032
3044
3046
3048
3049
3057
3058
3062
3087
3088
3092
3099
3105
3124
3127
3131
3137
3147
3149
3150
3152
3154
3156
3157
3162
3169
3171
3180
3190
3192
3193
3194
3208
3217
3223
3229
3230
3233
3236
3239
3241
3242
3244
3252
3254
3256
3271
3273
3275
3276
3279
3286
3289
3302
3308
3310
3317
3320
3321
3324
3325
3330
3331
3337
3341
3344
3345
3346
3356
3361
3365
3368
3369
3377
3390
3404
3412
3413
3415
3419
3428
3430
3435
3442
3448
3453
3466
3468
3473
3474
3477
3490
3492
3493
3495
3505
3511
3518
3529
3543
3552
3555
3556
3563
3570
3576
3580
3581
3589
3598
3603
3612
3616
3617
3622
3624
3638
3644
3656
3659
3676
3678
3680
3681
3689
3693
3695
3696
3709
3713
3718
3719
3737
3746
3753
3754
3756
3759
3766
3779
3793
3794
3799
3801
3809
3819
3830
3831
3839
3841
3842
3854
3857
3861
3867
3872
3883
3900
3902
3908
3909
3911
3915
3930
3931
3932
3941
3954
3964
3966
3969
3973
3981
3992
3999
4012
4022
4026
4032
4033
4049
4054
4057
4059
4063
4065
4091
4098
4104
4108
4115
4119
4126
4137
4145
4148
4152
4159
4165
4169
4171
4183
4192
4196
4217
4220
4222
4229
4244
4248
4250
4255
4266
4270
4271
4277
4284
4296
4300
4305
4311
4312
4314
4317
4332
4334
4335
4351
4354
4363
4365
4369
4386
4387
4399
4400
4401
4409
4411
4418
4436
4438
4449
4450
4465
4471
4472
4475
4482
4484
4487
4488
4489
4494
4497
4499
4511
4512
4513
4520
4534
4537
4555
4565
4570
4591
4592
4595
4597
4599
4602
4606
4615
4629
4631
4637
4642
4646
4651
4656
4676
4677
4679
4680
4684
4685
4697
4709
4712
4716
4718
4730
4736
4748
4755
4762
4773
4782
4787
4790
4793
4800
4805
4807
4814
4818
4821
4823
4825
4833
4843
4845
4850
4864
4867
4891
4897
4900
4902
4904
4914
4915
4925
4929
4933
4934
4937
4939
4956
4964
4972
4974
4978
4985
4986
5008
5014
5027
5030
5042
5046
5054
5056
5058
5066
5074
5075
5082
5094
5095
5097
5102
5104
5113
5116
5121
5123
5125
5129
5133
5136
5137
5139
5152
5167
5170
5182
5195
5201
5210
5211
5214
5217
5225
5229
5230
5238
5243
5259
5264
5265
5281
5283
5288
5294
5315
5319
5323
5327
5328
5331
5333
5336
5338
5342
5347
5349
5353
5361
5365
5366
5367
5368
5373
5376
5382
5383
5384
5395
5403
5404
5407
5408
5419
5430
5431
5448
5449
5455
5460
5463
5466
5481
5485
5499
5500
5508
5516
5521
5524
5527
5529
5544
5548
5553
5555
5570
5572
5573
5581
5583
5585
5593
5596
5598
5602
5609
5615
5619
5621
5625
5639
5641
5644
5649
5653
5657
5667
5674
5676
5678
5687
5693
5696
5701
5702
5704
5709
5717
5728
5731
5734
5740
5741
5747
5749
5750
5751
5755
5768
5776
5782
5786
5788
5791
5794
5804
5806
5813
5815
5817
5818
5819
5823
5831
5832
5835
5840
5841
5843
5852
5864
5874
5878
5884
5885
5887
5894
5903
5906
5915
5933
5937
5938
5940
5941
5954
5956
5962
5968
5969
5972
5974
5978
5981
5986
5989
5990
5993
6002
6009
6015
6016
6026
6030
6035
6044
6048
6050
6058
6067
6073
6083
6097
6098
6101
6110
6111
6113
6118
6120
6129
6131
6136
6154
6157
6164
6172
6173
6185
6206
6208
6211
6221
6222
6224
6225
6228
6231
6237
6245
6249
6254
6266
6269
6277
6286
6287
6293
6295
6299
6306
6308
6315
6317
6327
6341
6344
6345
6351
6368
6374
6376
6390
6394
6398
6403
6406
6412
6417
6423
6425
6430
6431
6432
6435
6437
6447
6451
6453
6459
6462
6469
6470
6474
6487
6489
6490
6500
6501
6502
6510
6512
6523
6531
6539
6547
6551
6555
6556
6559
6562
6564
6582
6590
6594
6601
6604
6606
6617
6621
6638
6645
6648
6651
6659
6666
6677
6678
6685
6688
6693
6695
6696
6697
6700
6701
6712
6714
6716
6720
6724
6725
6733
6738
6740
6743
6749
6759
6761
6764
6773
6774
6776
6780
6798
6801
6805
6811
6813
6818
6819
6826
6831
6839
6840
6844
6847
6864
6865
6873
6875
6896
6923
6924
6928
6932
6935
6938
6942
6944
6946
6947
6948
6955
6957
6962
6971
6990
6999
7002
7005
7014
7026
7027
7028
7037
7053
7054
7056
7058
7066
7068
7072
7087
7092
7100
7106
7108
7110
7122
7125
7128
7132
7138
7139
7140
7149
7153
7155
7167
7183
7195
7198
7204
7205
7212
7216
7217
7219
7222
7229
7232
7234
7238
7245
7246
7258
7265
7268
7271
7275
7285
7302
7305
7309
7312
7317
7324
7327
7328
7329
7330
7337
7340
7348
7355
7357
7360
7371
7373
7380
7382
7383
7386
7389
7396
7398
7402
7418
7433
7434
7451
7454
7455
7457
7462
7467
7469
7473
7487
7491
7495
7497
7502
7506
7513
7517
7519
7520
7526
7554
7560
7568
7578
7583
7586
7588
7593
7599
7600
7602
7625
7648
7663
7667
7675
7676
7686
7688
7689
7692
7701
7706
7715
7722
7723
7727
7731
7749
7750
7752
7754
7757
7772
7778
7783
7785
7791
7798
7802
7804
7809
7811
7813
7814
7815
7816
7822
7825
7829
7844
7853
7857
7865
7873
7887
7895
7903
7905
7915
7916
7922
7929
7932
7962
7965
7967
7983
7989
7992
8000
8002
8008
8020
8030
8032
8036
8037
8040
8041
8058
8062
8066
8067
8073
8084
8091
8096
8099
8103
8105
8108
8111
8121
8128
8129
8135
8136
8141
8147
8148
8154
8159
8163
8170
8171
8175
8176
8178
8183
8184
8195
8200
8202
8204
8213
8214
8215
8218
8224
8236
8256
8257
8258
8263
8266
8272
8275
8283
8289
8290
8298
8299
8320
8322
8334
8339
8340
8346
8354
8360
8361
8365
8366
8374
8390
8400
8401
8403
8405
8416
8426
8428
8430
8443
8447
8454
8457
8481
8483
8486
8491
8492
8504
8506
8507
8510
8518
8521
8531
8532
8533
8534
8535
8537
8541
8542
8543
8554
8555
8559
8581
8598
8600
8609
8614
8629
8642
8644
8660
8663
8664
8670
8671
8673
8674
8680
8692
8693
8695
8696
8699
8700
8701
8705
8711
8712
8728
8730
8731
8733
8734
8737
8738
8764
8768
8779
8785
8793
8795
8798
8800
8801
8805
8814
8825
8826
8828
8829
8849
8850
8852
8854
8864
8877
8880
8882
8883
8886
8891
8906
8921
8922
8927
8930
8936
8946
8951
8956
8968
8969
8991
8995
8996
8998
9001
9005
9011
9016
9018
9031
9036
9043
9048
9056
9060
9062
9064
9069
9070
9076
9080
9089
9093
9102
9112
9114
9115
9122
9130
9134
9141
9152
9153
9169
9173
9176
9180
9185
9192
9196
9201
9205
9207
9215
9216
9218
9230
9243
9244
9247
9248
9260
9262
9266
9275
9279
9284
9286
9288
9289
9291
9292
9300
9307
9317
9318
9324
9330
9334
9340
9344
9349
9359
9367
9368
9375
9382
9396
9399
9403
9410
9411
9412
9415
9416
9422
9425
9431
9438
9448
9457
9462
9473
9478
9480
9486
9492
9499
9501
9502
9509
9511
9515
9548
9555
9558
9563
9564
9567
9569
9570
9588
9589
9590
9593
9596
9597
9602
9608
9616
9621
9627
9636
9639
9641
9644
9647
9649
9657
9658
9680
9687
9688
9690
9695
9702
9707
9710
9716
9720
9722
9723
9727
9728
9737
9738
9740
9749
9750
9751
9754
9756
9760
9767
9772
9782
9789
9791
9805
9807
9809
9815
9819
9825
9841
9842
9847
9848
9853
9854
9858
9861
9862
9866
9872
9876
9883
9884
9894
9897
9899
9901
9902
9914
9919
9923
9925
9928
9929
9930
9932
9936
9946
9947
9956
9957
9971
9983
9991
10003
10007
10008
10012
10013
10028
10037
10039
10043
10054
10059
10062
10067
10070
10081
10094
10097
10104
10107
10113
10115
10120
10121
10122
10126
10136
10160
10167
10171
10177
10186
10188
10190
10208
10230
10232
10239
10242
10248
10252
10263
10280
10282
10288
10291
10310
10317
10320
10323
10331
10333
10337
10347
10362
10366
10369
10375
10377
10378
10379
10383
10387
10400
10407
10408
10412
10419
10420
10423
10426
10427
10428
10434
10435
10447
10451
10480
10487
10488
10494
10495
10514
10529
10534
10539
10540
10549
10559
10573
10575
10581
10592
10594
10604
10617
10622
10639
10647
10673
10675
10677
10678
10684
10695
10696
10707
10720
10722
10728
10733
10739
10742
10743
10750
10761
10776
10778
10782
10790
10794
10804
10808
10809
10827
10842
10843
10859
10860
10861
10864
10866
10878
10880
10887
10896
10897
10899
10902
10909
10910
10916
10924
10926
10929
10930
10933
10948
10950
10953
10970
10975
10990
11007
11024
11025
11026
11033
11040
11042
11050
11072
11075
11078
11083
11109
11115
11117
11125
11129
11133
11141
11148
11152
11160
11162
11168
11177
11178
11180
11182
11187
11210
11218
11219
11245
11251
11252
11259
11261
11268
11281
11283
11287
11295
11309
11310
11314
11315
11327
11337
11338
11341
11350
11365
11367
11373
11374
11377
11379
11385
11390
11396
11397
11407
11450
11456
11459
11467
11476
11483
11484
11486
11500
11507
11514
11525
11526
11531
11532
11547
11548
11550
11553
11569
11581
11582
11586
11588
11600
11603
11609
11610
11611
11621
11630
11632
11647
11650
11654
11662
11663
11664
11666
11688
11691
11695
11698
11703
11705
11707
11712
11714
11719
11722
11729
11744
11757
11769
11780
11782
11794
11798
11799
11815
11819
11824
11825
11830
11832
11837
11838
11841
11842
11845
11846
11852
11853
11860
11864
11866
11869
11870
11879
11890
11892
11899
11906
11907
11912
11916
11918
11919
11920
11924
11938
11948
11958
11960
11984
11988
11997
12019
12026
12031
12047
12050
12054
12057
12059
12061
12062
12063
12070
12085
12089
12097
12101
12106
12124
12132
12133
12134
12152
12154
12157
12165
12179
12182
12199
12203
12206
12213
12219
12229
12239
12248
12256
12260
12265
12284
12294
12303
12308
12312
12316
12317
12318
12329
12332
12345
12346
12353
12359
12365
12370
12375
12377
12381
12384
12387
12391
12400
12401
12403
12407
12409
12415
12424
12426
12433
12434
12438
12442
12446
12447
12463
12474
12477
12487
12491
12506
12508
12509
12510
12519
12521
12528
12536
12537
12539
12548
12555
12556
12558
12559
12561
12562
12568
12574
12575
12590
12596
12606
12613
12615
12616
12624
12626
12635
12643
12651
12653
12654
12657
12664
12665
12671
12681
12683
12690
12691
12696
12698
12702
12706
12709
12711
12716
12731
12735
12743
12750
12752
12772
12779
12784
12786
12807
12812
12815
12818
12823
12825
12828
12832
12837
12842
12844
12846
12849
12854
12863
12868
12874
12878
12880
12899
12904
12906
12912
12915
12919
12922
12933
12934
12938
12948
12949
12951
12953
12954
12963
12965
12968
12971
12972
12975
12978
12986
12996
13000
13001
13005
13011
13012
13015
13016
13021
13022
13029
13031
13036
13041
13044
13045
13052
13054
13055
13060
13062
13072
13073
13076
13080
13081
13090
13091
13094
13097
13103
13112
13118
13126
13128
13141
13152
13153
13173
13182
13187
13188
13190
13194
13199
13200
13202
13206
13207
13208
13220
13228
13232
13242
13244
13245
13253
13254
13259
13263
13265
13268
13276
13279
13299
13305
13306
13309
13310
13312
13319
13334
13337
13338
13339
13340
13342
13347
13354
13363
13365
13372
13374
13382
13386
13387
13394
13402
13406
13409
13415
13417
13423
13424
13431
13432
13434
13435
13441
13446
13461
13464
13474
13475
13479
13486
13489
13493
13495
13496
13508
13509
13511
13515
13517
13520
13521
13524
13538
13539
13542
13550
13554
13557
13559
13561
13565
13567
13568
13571
13579
13581
13595
13596
13619
13624
13630
13633
13635
13638
13647
13650
13655
13657
13660
13663
13667
13678
13679
13682
13683
13709
13714
13726
13727
13738
13743
13753
13754
13755
13766
13773
13775
13776
13779
13781
13782
13783
13784
13790
13794
13798
13801
13805
13820
13826
13835
13842
13843
13848
13858
13859
13861
13862
13869
13885
13888
13889
13890
13892
13902
13906
13914
13922
13923
13925
13927
13928
13932
13937
13941
13943
13947
13952
13954
13957
13961
13964
13966
13972
13974
13977
13994
14006
14011
14020
14025
14032
14039
14055
14059
14069
14074
14077
14078
14085
14089
14095
14098
14100
14108
14109
14112
14113
14119
14121
14123
14124
14131
14134
14139
14143
14149
14158
14166
14171
14174
14175
14176
14178
14186
14190
14191
14194
14204
14208
14209
14210
14212
14237
14240
14247
14258
14262
14263
14267
14275
14277
14281
14286
14297
14299
14312
14314
14319
14324
14330
14339
14355
14359
14365
14367
14368
14375
14384
14385
14386
14395
14396
14398
14404
14409
14431
14436
14437
14447
14449
14452
14453
14456
14457
14460
14469
14474
14475
14476
14485
14501
14503
14504
14514
14524
14531
14533
14537
14541
14544
14547
14548
14552
14555
14567
14575
14579
14580
14584
14587
14589
14594
14599
14603
14609
14610
14623
14626
14635
14645
14654
14655
14657
14666
14670
14675
14678
14679
14687
14697
14701
14719
14727
14734
14760
14761
14764
14766
14771
14787
14789
14790
14791
14793
14795
14797
14799
14805
14811
14814
14825
14828
14831
14833
14834
14839
14851
14874
14882
14886
14889
14895
14904
14912
14913
14919
14925
14928
14933
14939
14941
14944
14957
14980
14981
