Point
13
17
38
40
56
66
71
77
89
92
93
94
96
97
99
108
109
132
135
140
142
147
149
152
159
160
166
168
174
175
176
180
188
191
192
195
202
213
219
224
234
248
258
270
279
283
284
285
291
292
298
299
304
306
324
333
338
342
349
352
354
361
363
364
377
379
386
389
392
421
447
451
456
466
476
479
486
487
510
519
522
525
529
534
537
538
543
569
571
572
581
587
590
602
610
624
631
632
638
647
649
654
658
661
662
670
672
674
675
680
685
689
697
699
702
705
710
712
717
723
724
726
729
736
740
741
751
762
764
765
770
779
785
790
791
803
824
830
847
852
853
878
884
887
888
890
895
916
919
926
940
944
945
948
959
964
965
966
970
971
972
991
993
1005
1012
1019
1024
1035
1036
1041
1042
1049
1050
1052
1053
1062
1066
1073
1079
1080
1087
1088
1097
1107
1112
1113
1122
1124
1127
1138
1157
1175
1185
1186
1189
1191
1196
1199
1206
1209
1212
1215
1217
1221
1222
1224
1231
1234
1235
1240
1246
1247
1248
1260
1261
1264
1274
1275
1277
1278
1280
1287
1292
1308
1314
1317
1321
1324
1325
1333
1344
1351
1356
1359
1360
1363
1367
1368
1370
1387
1389
1393
1401
1406
1408
1409
1414
1415
1418
1430
1438
1441
1444
1446
1449
1453
1464
1479
1481
1483
1491
1494
1498
1499
1503
1506
1509
1510
1514
1519
1524
1536
1538
1541
1542
1546
1548
1550
1558
1565
1568
1569
1580
1585
1590
1592
1594
1619
1634
1637
1638
1642
1644
1649
1664
1669
1673
1677
1681
1686
1687
1691
1693
1701
1713
1724
1729
1730
1748
1749
1752
1759
1766
1770
1771
1785
1786
1794
1803
1814
1820
1823
1829
1837
1853
1860
1870
1885
1886
1887
1892
1908
1932
1933
1934
1939
1942
1962
1971
1977
1985
1991
1994
1995
1999
2001
2002
2004
2008
2021
2024
2028
2032
2033
2037
2043
2045
2046
2050
2053
2061
2066
2087
2092
2095
2101
2112
2123
2132
2137
2138
2139
2145
2154
2159
2162
2175
2185
2186
2188
2203
2208
2217
2219
2228
2230
2256
2258
2265
2267
2274
2275
2295
2311
2314
2317
2318
2321
2323
2334
2336
2338
2339
2345
2349
2351
2360
2363
2386
2392
2395
2398
2405
2408
2413
2419
2420
2428
2436
2452
2461
2463
2472
2473
2475
2479
2489
2494
2499
2502
2507
2521
2525
2529
2530
2541
2542
2548
2552
2561
2563
2576
2580
2583
2588
2589
2593
2598
2601
2602
2617
2625
2628
2641
2650
2655
2658
2664
2666
2677
2678
2683
2686
2692
2698
2711
2719
2728
2729
2730
2742
2745
2755
2757
2771
2775
2778
2790
2798
2800
2804
2805
2807
2816
2818
2821
2828
2829
2833
2840
2844
2845
2847
2849
2873
2878
2887
2889
2893
2894
2899
2912
2913
2914
2917
2921
2937
2938
2941
2942
2961
2975
2977
2982
2984
2991
2997
3000
3001
3007
3008
3017
3018
3020
3023
3024
3026
3029
3030
3037
3040
3042
3050
3052
3055
3056
3059
3065
3080
3094
3095
3104
3107
3108
3109
3113
3117
3118
3126
3134
3158
3164
3166
3168
3170
3174
3175
3179
3189
3197
3200
3202
3212
3228
3250
3259
3261
3266
3268
3269
3277
3328
3332
3335
3338
3347
3349
3351
3358
3359
3376
3380
3386
3388
3396
3423
3425
3429
3431
3433
3436
3437
3440
3443
3447
3450
3455
3457
3458
3462
3465
3470
3484
3488
3491
3497
3508
3509
3516
3521
3522
3524
3527
3542
3546
3551
3564
3569
3572
3582
3586
3588
3593
3595
3597
3602
3607
3613
3629
3630
3635
3642
3646
3650
3652
3660
3661
3662
3665
3666
3670
3686
3688
3707
3715
3716
3728
3741
3743
3745
3758
3761
3765
3770
3778
3781
3784
3789
3797
3804
3806
3816
3817
3823
3826
3827
3833
3840
3843
3849
3850
3851
3855
3863
3864
3865
3870
3876
3878
3894
3898
3906
3910
3913
3916
3918
3937
3943
3950
3963
3986
3988
3996
3997
4000
4007
4015
4021
4030
4034
4039
4042
4053
4056
4058
4062
4066
4068
4074
4075
4080
4087
4089
4092
4096
4100
4106
4109
4110
4113
4130
4133
4135
4146
4177
4185
4198
4212
4218
4223
4226
4234
4235
4243
4256
4257
4259
4261
4263
4275
4279
4280
4281
4288
4301
4322
4326
4328
4329
4337
4342
4345
4348
4352
4356
4358
4360
4371
4374
4377
4379
4382
4393
4397
4404
4405
4422
4426
4427
4429
4430
4433
4434
4452
4469
4485
4491
4493
4500
4506
4519
4522
4527
4529
4532
4539
4541
4548
4553
4558
4566
4569
4572
4574
4583
4586
4590
4594
4614
4617
4633
4634
4638
4639
4647
4649
4653
4654
4655
4657
4658
4665
4671
4673
4675
4689
4690
4694
4706
4721
4722
4723
4725
4729
4737
4738
4739
4750
4751
4763
4771
4777
4802
4815
4831
4834
4838
4849
4855
4858
4859
4874
4882
4883
4893
4901
4916
4921
4922
4927
4931
4944
4948
4951
4952
4976
4979
4981
4991
4994
4997
4998
5002
5005
5018
5023
5032
5047
5065
5072
5073
5077
5078
5083
5099
5105
5110
5111
5112
5115
5119
5132
5134
5150
5151
5158
5171
5174
5176
5179
5181
5188
5189
5190
5191
5199
5206
5236
5240
5242
5261
5273
5275
5279
5282
5284
5287
5301
5308
5309
5311
5313
5317
5324
5325
5329
5332
5344
5350
5358
5369
5374
5375
5381
5388
5389
5394
5402
5415
5425
5428
5434
5436
5437
5445
5446
5453
5456
5458
5461
5464
5467
5468
5475
5477
5482
5483
5488
5509
5520
5528
5533
5536
5540
5545
5551
5552
5560
5564
5567
5577
5590
5599
5604
5613
5626
5627
5629
5633
5638
5643
5655
5660
5661
5663
5668
5680
5690
5697
5699
5700
5707
5708
5712
5718
5720
5723
5725
5726
5727
5754
5761
5763
5764
5765
5780
5784
5789
5793
5799
5811
5822
5825
5826
5838
5839
5842
5844
5845
5846
5847
5855
5857
5872
5881
5886
5892
5895
5900
5908
5913
5921
5922
5935
5936
5939
5942
5943
5947
5950
5952
5953
5964
5979
5982
5998
6000
6003
6018
6021
6027
6039
6041
6051
6052
6062
6068
6069
6078
6082
6084
6085
6094
6107
6114
6117
6138
6142
6146
6165
6171
6183
6190
6195
6196
6204
6213
6236
6247
6251
6257
6260
6271
6272
6274
6276
6278
6279
6281
6282
6292
6300
6304
6307
6331
6336
6343
6355
6377
6383
6392
6410
6414
6421
6427
6429
6434
6441
6443
6452
6461
6464
6465
6477
6479
6480
6481
6488
6497
6517
6520
6528
6533
6534
6536
6537
6567
6571
6575
6576
6578
6581
6585
6586
6587
6592
6600
6602
6603
6620
6628
6633
6636
6637
6639
6644
6658
6674
6694
6698
6699
6710
6715
6722
6723
6732
6748
6753
6766
6783
6784
6786
6791
6796
6810
6814
6824
6833
6838
6846
6851
6852
6853
6866
6867
6870
6882
6884
6909
6920
6922
6931
6934
6953
6956
6961
6963
6969
6970
6972
6977
6987
6988
6995
6996
7000
7004
7006
7024
7025
7032
7036
7039
7059
7063
7064
7070
7071
7075
7078
7081
7083
7099
7120
7123
7126
7127
7131
7143
7154
7157
7158
7162
7166
7168
7174
7185
7187
7192
7200
7203
7209
7215
7228
7230
7233
7243
7248
7249
7252
7281
7286
7289
7292
7294
7295
7296
7297
7299
7304
7306
7316
7331
7334
7341
7342
7344
7347
7358
7365
7370
7387
7393
7405
7406
7414
7415
7420
7422
7424
7427
7435
7461
7463
7466
7468
7472
7485
7486
7490
7500
7504
7507
7510
7514
7521
7525
7530
7538
7539
7540
7543
7548
7550
7551
7553
7562
7609
7610
7612
7613
7621
7628
7649
7653
7656
7660
7661
7668
7673
7678
7681
7684
7685
7690
7691
7700
7710
7724
7730
7733
7736
7737
7740
7741
7743
7745
7747
7755
7759
7766
7770
7777
7779
7780
7782
7787
7790
7792
7794
7799
7803
7806
7810
7819
7824
7826
7831
7832
7835
7841
7847
7851
7855
7856
7862
7872
7874
7886
7889
7891
7894
7896
7897
7904
7914
7920
7924
7925
7935
7941
7946
7949
7950
7955
7957
7958
7963
7964
7974
7975
8005
8007
8025
8026
8028
8044
8053
8056
8087
8088
8089
8093
8094
8097
8100
8110
8114
8115
8127
8131
8132
8138
8143
8146
8149
8155
8156
8157
8164
8167
8168
8174
8193
8206
8210
8211
8222
8225
8229
8230
8232
8235
8237
8242
8265
8267
8274
8281
8286
8288
8292
8312
8314
8324
8331
8332
8337
8338
8350
8386
8392
8395
8418
8424
8435
8439
8441
8444
8450
8456
8467
8471
8473
8476
8478
8479
8484
8488
8493
8497
8498
8502
8503
8505
8525
8528
8552
8560
8564
8570
8582
8585
8587
8605
8618
8619
8621
8624
8627
8632
8636
8637
8641
8648
8650
8656
8657
8665
8667
8676
8677
8684
8685
8689
8694
8713
8717
8722
8727
8739
8744
8750
8759
8763
8767
8770
8772
8776
8791
8792
8812
8818
8821
8827
8832
8833
8841
8846
8856
8858
8859
8867
8871
8875
8878
8879
8888
8902
8919
8923
8928
8934
8940
8943
8945
8952
8961
8964
8967
8993
9013
9014
9019
9021
9027
9033
9037
9040
9047
9049
9050
9059
9071
9081
9088
9090
9095
9099
9104
9116
9143
9145
9165
9167
9177
9179
9183
9200
9217
9220
9221
9228
9233
9235
9249
9250
9255
9257
9270
9278
9282
9297
9304
9306
9308
9315
9316
9338
9345
9354
9355
9361
9363
9366
9372
9376
9379
9384
9385
9387
9388
9389
9391
9398
9401
9430
9432
9441
9445
9449
9450
9467
9469
9470
9471
9472
9475
9488
9489
9491
9505
9513
9517
9518
9520
9528
9533
9535
9537
9541
9546
9547
9581
9582
9584
9599
9600
9604
9605
9609
9618
9619
9625
9631
9643
9652
9655
9656
9659
9660
9670
9672
9692
9698
9699
9700
9703
9709
9713
9714
9729
9742
9753
9762
9764
9770
9773
9774
9777
9783
9790
9793
9800
9804
9810
9816
9818
9822
9826
9830
9834
9836
9840
9844
9851
9877
9881
9889
9891
9904
9911
9913
9922
9942
9945
9969
9970
9986
9987
9989
9994
9997
10001
10004
10009
10018
10022
10031
10032
10035
10050
10053
10057
10065
10078
10082
10084
10087
10088
10091
10096
10117
10123
10125
10131
10134
10137
10142
10144
10148
10149
10151
10157
10161
10164
10166
10169
10173
10174
10181
10195
10198
10199
10201
10202
10207
10210
10212
10217
10219
10224
10225
10244
10246
10249
10255
10261
10264
10265
10267
10274
10276
10285
10289
10293
10296
10302
10314
10318
10328
10330
10348
10354
10355
10356
10367
10381
10394
10398
10399
10401
10403
10406
10409
10410
10411
10414
10456
10458
10463
10472
10474
10477
10479
10482
10483
10486
10492
10502
10506
10509
10513
10519
10520
10521
10528
10545
10546
10548
10555
10561
10570
10571
10574
10576
10579
10580
10586
10588
10608
10611
10619
10621
10625
10626
10628
10629
10630
10634
10643
10646
10648
10651
10654
10664
10667
10672
10681
10697
10698
10699
10711
10714
10715
10716
10717
10723
10724
10725
10726
10734
10740
10741
10749
10760
10768
10769
10774
10775
10784
10786
10813
10814
10817
10820
10821
10831
10836
10847
10849
10857
10858
10862
10863
10873
10874
10898
10901
10907
10908
10918
10920
10923
10931
10937
10941
10942
10944
10945
10952
10956
10964
10969
10979
10984
10986
10995
10997
11005
11012
11015
11016
11031
11037
11041
11052
11064
11090
11092
11093
11094
11112
11113
11122
11123
11134
11142
11145
11155
11163
11181
11190
11197
11203
11206
11214
11223
11234
11236
11237
11239
11241
11248
11249
11250
11254
11257
11258
11263
11275
11277
11284
11286
11301
11305
11308
11319
11321
11326
11342
11347
11358
11362
11368
11370
11371
11381
11383
11387
11398
11401
11412
11416
11418
11424
11428
11437
11438
11446
11447
11451
11464
11471
11480
11482
11504
11505
11515
11521
11527
11540
11541
11549
11560
11562
11564
11570
11571
11584
11585
11593
11594
11620
11622
11628
11634
11637
11660
11670
11672
11679
11680
11682
11683
11685
11694
11704
11710
11717
11720
11724
11725
11733
11737
11738
11751
11753
11758
11766
11767
11779
11785
11812
11829
11833
11834
11835
11836
11839
11840
11854
11857
11868
11875
11876
11888
11896
11897
11900
11902
11908
11910
11911
11915
11917
11921
11922
11930
11931
11934
11936
11937
11952
11955
11967
11968
11973
11989
12009
12011
12012
12015
12020
12028
12033
12036
12048
12049
12052
12053
12058
12079
12105
12108
12116
12122
12123
12130
12136
12138
12140
12146
12159
12162
12166
12167
12174
12175
12176
12177
12183
12185
12192
12193
12194
12200
12216
12217
12227
12230
12236
12237
12245
12247
12250
12253
12254
12255
12258
12264
12268
12273
12287
12290
12304
12310
12333
12335
12344
12373
12379
12383
12385
12392
12393
12406
12410
12416
12422
12432
12445
12451
12456
12475
12484
12486
12490
12507
12513
12514
12524
12530
12532
12533
12541
12543
12547
12579
12580
12582
12592
12593
12598
12601
12605
12609
12610
12621
12625
12631
12632
12634
12648
12650
12672
12680
12688
12703
12710
12724
12729
12733
12745
12746
12760
12763
12764
12778
12790
12794
12798
12799
12800
12804
12808
12810
12816
12821
12824
12838
12840
12845
12848
12860
12862
12870
12887
12888
12893
12894
12895
12896
12898
12901
12907
12909
12914
12923
12941
12952
12956
12957
12964
12974
12976
12990
13002
13006
13014
13034
13043
13050
13057
13074
13075
13082
13083
13093
13110
13113
13115
13124
13135
13142
13159
13162
13183
13214
13217
13233
13243
13246
13256
13278
13282
13285
13302
13311
13318
13327
13341
13353
13356
13370
13377
13384
13390
13391
13399
13403
13407
13419
13430
13433
13438
13444
13445
13448
13454
13455
13462
13484
13490
13498
13510
13512
13516
13522
13523
13525
13529
13532
13534
13544
13548
13549
13556
13562
13569
13575
13578
13580
13594
13604
13607
13614
13615
13637
13640
13641
13648
13649
13652
13668
13670
13673
13675
13680
13685
13689
13697
13699
13700
13701
13703
13710
13711
13712
13713
13716
13719
13720
13722
13723
13725
13733
13761
13762
13792
13815
13824
13836
13838
13844
13849
13855
13856
13863
13883
13886
13893
13897
13900
13911
13912
13918
13919
13924
13931
13944
13948
13960
13968
13973
13975
13978
13983
13984
13985
13991
13996
13999
14007
14016
14021
14023
14024
14036
14037
14053
14060
14065
14067
14082
14086
14096
14110
14127
14132
14140
14142
14145
14163
14167
14179
14187
14197
14203
14211
14213
14216
14227
14230
14233
14234
14244
14251
14259
14287
14291
14292
14308
14321
14328
14329
14331
14341
14345
14349
14354
14363
14366
14374
14380
14391
14397
14402
14420
14426
14428
14435
14446
14448
14461
14477
14482
14484
14486
14489
14493
14496
14497
14510
14515
14517
14528
14529
14534
14535
14538
14542
14543
14554
14558
14571
14595
14598
14601
14608
14617
14621
14624
14627
14630
14633
14640
14642
14647
14653
14658
14662
14667
14668
14671
14683
14696
14698
14700
14706
14710
14712
14715
14722
14733
14736
14737
14738
14739
14753
14757
14758
14765
14782
14788
14792
14798
14801
14810
14816
14820
14821
14829
14830
14835
14838
14840
14842
14843
14845
14848
14850
14854
14856
14868
14870
14877
14891
14892
14900
14902
14903
14906
14914
14915
14916
14922
14936
14940
14950
14952
14965
14966
14967
14983
14984
14991
14992
