Point
3
4
6
7
12
22
24
25
27
31
33
36
39
51
54
63
72
74
76
83
98
100
101
105
106
114
115
120
123
128
163
164
167
171
187
197
198
207
216
218
221
222
223
229
252
255
268
276
281
289
305
307
313
314
316
319
320
334
337
344
345
346
355
356
358
359
360
370
371
382
383
384
393
407
418
426
429
434
436
437
443
452
454
464
469
481
482
485
493
496
498
515
523
524
526
536
542
546
547
549
562
564
566
576
579
586
589
603
604
606
623
625
633
636
637
639
650
656
668
669
676
681
686
688
691
694
695
696
700
711
719
725
727
731
735
739
742
743
758
759
771
780
798
807
816
823
831
837
842
855
856
857
858
860
864
868
869
891
893
896
907
910
913
917
921
931
935
936
938
949
955
975
986
994
996
1006
1007
1008
1011
1014
1017
1018
1030
1034
1060
1061
1063
1070
1078
1085
1086
1102
1110
1114
1115
1120
1125
1129
1137
1147
1160
1163
1164
1167
1168
1172
1182
1192
1198
1203
1207
1216
1220
1244
1245
1268
1276
1285
1295
1298
1299
1311
1312
1319
1326
1328
1331
1338
1346
1350
1353
1354
1357
1362
1365
1369
1372
1377
1382
1383
1395
1399
1405
1416
1417
1419
1426
1436
1437
1443
1457
1458
1459
1468
1469
1472
1478
1490
1501
1505
1512
1518
1520
1523
1526
1539
1556
1557
1574
1578
1586
1588
1589
1591
1593
1595
1598
1599
1612
1618
1620
1624
1631
1639
1643
1654
1660
1661
1680
1685
1705
1706
1708
1709
1710
1712
1716
1720
1722
1734
1742
1743
1744
1756
1762
1763
1767
1768
1769
1778
1783
1791
1793
1810
1817
1826
1840
1848
1854
1866
1867
1879
1891
1893
1895
1900
1902
1910
1920
1938
1941
1946
1949
1954
1955
1956
1957
1961
1963
1964
1967
1973
1976
1980
1984
1988
2007
2014
2018
2022
2023
2036
2038
2047
2054
2056
2057
2059
2070
2075
2085
2086
2088
2089
2094
2104
2109
2110
2119
2120
2133
2134
2143
2150
2152
2163
2165
2169
2172
2173
2174
2180
2194
2195
2200
2205
2209
2215
2220
2222
2223
2226
2233
2237
2243
2244
2246
2261
2264
2273
2276
2277
2286
2288
2294
2301
2310
2312
2320
2347
2348
2353
2365
2371
2375
2377
2384
2388
2390
2397
2402
2404
2414
2417
2430
2433
2434
2437
2444
2447
2448
2457
2459
2471
2487
2488
2491
2493
2500
2501
2506
2513
2518
2519
2523
2524
2528
2537
2539
2564
2565
2568
2575
2577
2578
2592
2594
2597
2603
2610
2622
2629
2632
2633
2635
2637
2640
2652
2657
2665
2669
2670
2675
2679
2680
2687
2689
2693
2700
2701
2706
2715
2720
2724
2740
2741
2750
2758
2774
2776
2784
2795
2801
2808
2813
2822
2823
2825
2838
2839
2848
2852
2855
2856
2857
2860
2861
2875
2877
2890
2898
2900
2905
2910
2919
2922
2929
2932
2948
2950
2959
2960
2963
2974
2985
2988
2992
2995
2996
3005
3012
3014
3016
3027
3031
3035
3041
3054
3061
3068
3072
3076
3079
3084
3093
3096
3098
3102
3106
3110
3116
3120
3121
3130
3132
3141
3142
3145
3151
3161
3177
3182
3183
3186
3209
3211
3215
3232
3234
3245
3247
3260
3267
3272
3281
3282
3285
3287
3291
3295
3304
3311
3313
3315
3326
3329
3342
3352
3353
3355
3357
3362
3363
3366
3370
3381
3387
3391
3400
3403
3405
3407
3411
3417
3426
3434
3454
3464
3480
3483
3486
3489
3517
3535
3540
3544
3547
3559
3560
3583
3585
3592
3600
3608
3615
3619
3627
3631
3633
3636
3645
3649
3655
3657
3668
3671
3675
3677
3679
3682
3684
3697
3704
3712
3714
3723
3725
3726
3747
3752
3757
3763
3764
3790
3798
3814
3818
3821
3829
3848
3859
3860
3866
3871
3873
3875
3881
3887
3895
3896
3899
3901
3903
3907
3917
3919
3923
3924
3925
3929
3934
3935
3938
3940
3942
3944
3945
3948
3949
3952
3953
3961
3968
3970
3972
3974
3975
3976
3979
3980
3984
3985
3989
3991
3994
4005
4006
4010
4019
4023
4028
4031
4037
4040
4046
4050
4069
4071
4081
4084
4086
4090
4097
4101
4118
4123
4127
4136
4139
4140
4141
4151
4153
4158
4160
4162
4166
4188
4200
4207
4208
4209
4210
4215
4228
4231
4233
4239
4240
4241
4252
4264
4286
4290
4323
4325
4346
4350
4362
4372
4375
4383
4385
4391
4394
4395
4407
4408
4423
4425
4432
4442
4443
4444
4454
4455
4456
4460
4463
4464
4466
4470
4476
4477
4492
4501
4509
4515
4516
4517
4518
4521
4525
4533
4535
4536
4543
4545
4547
4549
4557
4563
4573
4576
4577
4578
4585
4613
4618
4621
4625
4636
4640
4643
4666
4667
4669
4672
4681
4686
4687
4698
4701
4702
4704
4708
4726
4727
4735
4744
4745
4758
4759
4764
4767
4775
4779
4780
4785
4806
4811
4812
4819
4824
4828
4835
4839
4844
4852
4853
4856
4863
4873
4877
4880
4892
4895
4908
4910
4918
4928
4930
4935
4947
4949
4953
4954
4967
4970
4980
4982
4987
5004
5013
5017
5034
5036
5045
5053
5057
5060
5061
5062
5063
5067
5070
5071
5081
5085
5088
5090
5092
5100
5109
5124
5128
5135
5141
5144
5146
5159
5163
5164
5177
5178
5185
5187
5192
5193
5196
5203
5207
5219
5232
5237
5241
5244
5249
5250
5255
5268
5274
5286
5291
5292
5295
5297
5299
5302
5312
5316
5326
5343
5352
5356
5363
5364
5371
5372
5385
5387
5392
5399
5405
5406
5409
5412
5416
5417
5429
5432
5435
5440
5442
5450
5459
5462
5469
5474
5480
5487
5491
5495
5501
5512
5513
5514
5523
5534
5535
5539
5541
5542
5556
5559
5575
5582
5584
5587
5594
5597
5606
5612
5616
5618
5623
5624
5631
5636
5648
5654
5675
5682
5688
5689
5694
5698
5710
5713
5715
5729
5730
5737
5748
5753
5756
5759
5767
5772
5779
5783
5785
5790
5796
5800
5801
5802
5807
5821
5829
5836
5837
5853
5858
5866
5869
5870
5875
5876
5883
5889
5890
5898
5901
5904
5918
5924
5927
5948
5959
5977
5980
6001
6008
6013
6019
6031
6032
6036
6043
6045
6053
6064
6066
6070
6079
6081
6087
6090
6091
6099
6103
6108
6115
6116
6119
6123
6125
6144
6147
6151
6156
6163
6169
6176
6178
6181
6184
6198
6203
6205
6210
6212
6227
6233
6235
6240
6241
6246
6250
6255
6256
6259
6270
6273
6285
6291
6296
6298
6303
6313
6324
6332
6333
6334
6348
6350
6363
6364
6367
6369
6370
6378
6382
6387
6388
6389
6393
6405
6408
6413
6419
6422
6433
6445
6449
6460
6471
6472
6494
6496
6499
6504
6506
6508
6509
6511
6514
6516
6518
6527
6538
6543
6545
6546
6549
6557
6558
6560
6563
6569
6574
6577
6593
6596
6609
6610
6611
6615
6619
6624
6625
6627
6635
6646
6647
6653
6657
6660
6665
6668
6670
6681
6691
6706
6708
6711
6729
6730
6731
6734
6736
6737
6739
6746
6750
6754
6756
6767
6769
6775
6777
6778
6779
6789
6797
6803
6806
6807
6809
6820
6822
6825
6841
6856
6868
6878
6879
6881
6886
6891
6903
6905
6906
6911
6916
6945
6951
6982
6984
7001
7007
7013
7015
7020
7022
7023
7034
7043
7045
7049
7057
7073
7084
7085
7086
7088
7091
7095
7096
7101
7114
7124
7129
7133
7142
7146
7147
7159
7179
7180
7182
7184
7188
7193
7196
7207
7213
7214
7220
7226
7235
7237
7241
7247
7251
7253
7257
7259
7266
7279
7280
7288
7300
7311
7315
7322
7326
7333
7336
7343
7349
7350
7356
7363
7368
7375
7384
7400
7403
7425
7429
7430
7432
7439
7440
7441
7443
7445
7446
7452
7456
7464
7479
7488
7494
7512
7529
7532
7537
7541
7545
7561
7563
7565
7574
7575
7577
7579
7581
7585
7587
7594
7607
7614
7619
7620
7622
7627
7633
7634
7643
7644
7645
7647
7650
7652
7657
7666
7703
7712
7713
7718
7732
7738
7751
7758
7762
7763
7764
7767
7768
7773
7775
7776
7781
7789
7795
7796
7797
7801
7808
7821
7850
7854
7860
7861
7864
7868
7870
7878
7879
7883
7900
7901
7909
7930
7933
7942
7945
7948
7969
7978
7986
7987
7990
7998
7999
8004
8009
8013
8018
8024
8029
8033
8039
8045
8049
8055
8057
8064
8070
8077
8081
8082
8092
8098
8109
8118
8119
8120
8122
8124
8125
8133
8134
8139
8140
8142
8144
8152
8158
8162
8177
8186
8187
8189
8198
8208
8216
8234
8243
8244
8251
8254
8269
8270
8284
8285
8291
8301
8302
8304
8306
8308
8313
8325
8327
8329
8330
8344
8349
8351
8359
8373
8378
8382
8383
8385
8389
8402
8423
8425
8433
8437
8438
8445
8451
8461
8464
8466
8469
8480
8494
8500
8501
8509
8511
8512
8513
8519
8529
8544
8545
8546
8548
8549
8558
8565
8573
8580
8584
8588
8590
8591
8593
8626
8631
8633
8640
8652
8653
8655
8658
8666
8682
8690
8697
8703
8704
8707
8708
8719
8720
8726
8729
8736
8742
8758
8761
8766
8771
8781
8783
8796
8808
8809
8815
8816
8820
8831
8845
8853
8855
8860
8863
8866
8884
8885
8887
8896
8903
8904
8909
8918
8925
8929
8933
8935
8938
8942
8944
8948
8970
8973
8975
8980
8983
8990
9010
9012
9020
9023
9026
9029
9041
9046
9051
9068
9073
9074
9079
9092
9100
9106
9109
9111
9119
9127
9128
9129
9132
9139
9140
9142
9151
9157
9158
9162
9163
9184
9193
9195
9197
9198
9203
9211
9224
9239
9240
9246
9259
9267
9268
9276
9296
9303
9310
9311
9319
9348
9356
9360
9371
9390
9392
9405
9418
9420
9424
9429
9435
9436
9446
9459
9466
9479
9482
9483
9500
9503
9516
9524
9534
9536
9542
9562
9578
9580
9585
9601
9610
9612
9617
9628
9630
9633
9637
9642
9651
9653
9654
9661
9667
9673
9682
9686
9694
9704
9717
9718
9725
9731
9739
9741
9748
9757
9765
9768
9771
9776
9785
9797
9799
9812
9823
9824
9837
9850
9855
9860
9864
9868
9873
9874
9882
9886
9898
9905
9906
9926
9934
9937
9939
9943
9944
9953
9954
9955
9967
9973
9977
9979
9980
9984
9985
9988
9992
9993
9999
10010
10016
10017
10021
10025
10063
10064
10066
10073
10090
10092
10098
10101
10111
10124
10130
10163
10175
10179
10196
10205
10213
10231
10233
10238
10241
10254
10258
10284
10287
10292
10298
10299
10304
10307
10308
10309
10324
10338
10339
10341
10343
10346
10350
10360
10372
10374
10385
10392
10413
10424
10429
10431
10433
10439
10440
10441
10443
10444
10448
10457
10467
10475
10485
10489
10493
10500
10501
10508
10510
10523
10524
10533
10537
10553
10568
10578
10593
10595
10597
10598
10606
10609
10615
10618
10641
10649
10659
10661
10674
10679
10682
10686
10689
10704
10708
10710
10713
10719
10744
10746
10748
10753
10755
10759
10763
10773
10777
10788
10791
10795
10796
10798
10802
10805
10810
10819
10822
10824
10830
10833
10838
10839
10848
10850
10854
10869
10872
10884
10893
10906
10912
10914
10921
10928
10936
10951
10955
10958
10960
10965
10971
10973
10976
10991
10992
11000
11008
11018
11019
11022
11028
11029
11039
11043
11057
11060
11062
11066
11069
11070
11073
11074
11081
11085
11086
11089
11097
11098
11100
11101
11103
11110
11111
11121
11126
11135
11138
11139
11143
11147
11157
11158
11159
11175
11188
11189
11215
11217
11221
11222
11240
11247
11260
11262
11270
11272
11278
11280
11282
11289
11292
11298
11300
11302
11303
11317
11334
11336
11340
11349
11354
11356
11357
11363
11364
11380
11384
11388
11389
11391
11392
11404
11405
11410
11414
11417
11420
11425
11426
11429
11434
11435
11445
11455
11458
11463
11465
11469
11472
11478
11481
11489
11494
11495
11506
11511
11512
11517
11519
11533
11535
11538
11543
11545
11551
11573
11575
11577
11579
11589
11590
11591
11595
11601
11604
11606
11613
11629
11636
11640
11643
11648
11661
11676
11678
11681
11684
11686
11689
11693
11696
11697
11711
11713
11715
11721
11726
11728
11735
11746
11747
11752
11765
11786
11787
11788
11792
11804
11811
11817
11818
11820
11822
11828
11844
11863
11874
11878
11880
11881
11882
11883
11885
11895
11909
11913
11925
11927
11932
11935
11939
11949
11959
11965
11972
11985
11986
11990
11996
12008
12017
12022
12023
12027
12029
12034
12046
12067
12069
12074
12077
12080
12081
12082
12090
12096
12103
12104
12109
12114
12117
12126
12128
12139
12142
12145
12147
12148
12161
12163
12168
12172
12173
12188
12190
12191
12198
12204
12208
12224
12231
12243
12252
12274
12276
12277
12278
12283
12285
12286
12288
12292
12293
12297
12302
12305
12306
12313
12323
12348
12358
12360
12361
12363
12369
12372
12376
12386
12388
12389
12390
12395
12396
12398
12412
12413
12418
12428
12429
12435
12436
12444
12453
12461
12467
12468
12470
12471
12485
12489
12502
12515
12522
12527
12535
12545
12569
12570
12572
12578
12581
12583
12585
12604
12607
12608
12612
12617
12623
12627
12628
12637
12639
12645
12655
12666
12667
12677
12685
12687
12689
12700
12701
12708
12714
12723
12725
12727
12728
12739
12747
12753
12759
12761
12762
12766
12769
12773
12775
12776
12777
12780
12782
12788
12796
12801
12805
12809
12817
12822
12827
12833
12836
12856
12857
12858
12865
12869
12884
12886
12903
12910
12911
12916
12918
12920
12925
12929
12932
12943
12959
12962
12967
12969
12970
12979
12982
12985
12994
13004
13018
13019
13023
13026
13028
13032
13040
13067
13071
13077
13084
13085
13087
13092
13104
13107
13111
13120
13134
13139
13144
13146
13151
13170
13171
13172
13175
13178
13179
13181
13185
13186
13193
13198
13201
13203
13213
13218
13223
13224
13225
13229
13230
13231
13237
13241
13258
13262
13264
13272
13283
13284
13286
13289
13292
13295
13297
13300
13303
13314
13317
13323
13330
13335
13336
13344
13346
13352
13359
13368
13373
13385
13388
13397
13398
13401
13404
13413
13414
13421
13427
13428
13436
13447
13450
13451
13453
13458
13463
13476
13478
13485
13492
13502
13507
13535
13536
13537
13552
13553
13563
13572
13573
13576
13600
13605
13610
13618
13626
13627
13629
13632
13634
13639
13644
13654
13671
13674
13696
13702
13706
13717
13728
13735
13737
13747
13749
13758
13760
13771
13772
13788
13797
13799
13811
13821
13829
13830
13831
13833
13834
13840
13846
13864
13874
13878
13901
13905
13915
13926
13934
13938
13942
13953
13956
13971
13976
13986
13989
14000
14002
14004
14010
14014
14017
14018
14019
14022
14026
14027
14034
14044
14046
14047
14056
14057
14070
14071
14073
14084
14094
14103
14105
14107
14111
14125
14133
14136
14169
14180
14184
14196
14202
14214
14217
14218
14223
14225
14229
14241
14249
14253
14257
14261
14264
14266
14270
14271
14279
14282
14284
14293
14298
14305
14313
14327
14333
14335
14340
14353
14362
14369
14370
14372
14373
14390
14393
14408
14410
14415
14430
14450
14451
14467
14470
14479
14495
14509
14518
14519
14520
14526
14539
14551
14557
14564
14568
14572
14578
14588
14600
14622
14629
14650
14661
14663
14681
14682
14689
14693
14702
14709
14724
14725
14726
14729
14741
14745
14749
14755
14759
14769
14773
14774
14775
14779
14786
14794
14796
14806
14807
14808
14819
14824
14837
14864
14867
14876
14883
14884
14885
14893
14896
14917
14920
14929
14943
14945
14949
14959
14960
14961
14968
14972
14975
14986
14987
14998
