Point
1
9
10
28
29
37
43
45
48
52
57
58
59
60
68
70
78
85
91
95
111
126
130
151
156
173
177
183
190
200
201
210
220
226
227
232
241
245
250
256
257
259
261
264
265
266
271
282
294
295
300
309
317
321
325
335
348
350
351
357
372
373
411
412
413
425
427
430
432
438
457
459
461
462
463
470
472
478
491
495
500
506
508
511
513
514
516
528
531
532
553
555
558
563
567
570
574
580
583
584
595
601
605
611
627
630
635
641
642
644
652
653
655
657
659
667
671
673
692
715
720
721
728
730
761
766
772
776
777
794
799
804
806
808
811
813
818
822
832
838
840
841
845
849
861
867
872
876
877
882
883
885
886
892
894
905
909
920
922
928
933
934
952
958
960
963
973
976
982
989
995
998
999
1003
1039
1043
1044
1046
1051
1057
1058
1068
1069
1071
1072
1075
1095
1098
1100
1101
1103
1111
1133
1134
1141
1144
1153
1155
1171
1174
1177
1178
1180
1181
1183
1188
1193
1202
1204
1210
1219
1226
1227
1232
1243
1252
1257
1258
1259
1263
1270
1279
1281
1289
1290
1291
1297
1300
1310
1329
1330
1343
1349
1361
1384
1394
1396
1412
1421
1424
1428
1429
1432
1434
1440
1442
1448
1452
1455
1462
1477
1484
1485
1493
1500
1502
1507
1513
1517
1530
1533
1543
1544
1551
1554
1570
1579
1596
1603
1610
1613
1616
1623
1630
1635
1650
1658
1659
1672
1683
1689
1690
1694
1695
1702
1717
1728
1736
1746
1750
1760
1772
1780
1784
1789
1790
1799
1800
1801
1802
1806
1813
1824
1827
1832
1838
1843
1845
1846
1850
1861
1863
1865
1872
1873
1876
1882
1888
1894
1896
1901
1909
1912
1921
1922
1925
1926
1931
1935
1945
1948
1951
1972
1975
1981
1993
2000
2006
2012
2013
2016
2041
2048
2049
2051
2058
2063
2065
2069
2077
2080
2081
2083
2091
2096
2106
2115
2124
2129
2131
2147
2149
2156
2158
2189
2192
2197
2198
2218
2221
2229
2231
2232
2239
2240
2242
2247
2248
2254
2262
2269
2292
2296
2299
2304
2306
2308
2309
2313
2328
2333
2342
2343
2346
2366
2367
2368
2372
2378
2387
2389
2403
2407
2412
2423
2431
2432
2439
2442
2445
2446
2449
2455
2458
2467
2470
2477
2480
2492
2495
2497
2505
2516
2520
2526
2536
2538
2545
2551
2553
2557
2585
2599
2611
2614
2616
2618
2620
2621
2630
2639
2646
2653
2656
2663
2676
2681
2685
2688
2694
2696
2705
2707
2713
2714
2726
2735
2736
2737
2738
2751
2761
2763
2786
2787
2788
2792
2802
2806
2812
2814
2815
2831
2835
2842
2854
2869
2870
2874
2880
2882
2885
2891
2902
2903
2909
2924
2931
2935
2945
2947
2949
2951
2953
2958
2966
2967
2979
2986
2990
2993
2994
3006
3010
3011
3022
3033
3039
3043
3045
3066
3070
3073
3074
3086
3089
3091
3097
3115
3122
3123
3125
3128
3133
3136
3139
3140
3153
3155
3160
3172
3173
3178
3181
3185
3188
3191
3195
3201
3220
3221
3224
3227
3237
3243
3251
3258
3264
3283
3284
3294
3296
3300
3301
3305
3312
3316
3319
3322
3323
3336
3339
3364
3367
3375
3393
3397
3414
3420
3422
3424
3438
3439
3445
3446
3449
3472
3476
3478
3496
3498
3501
3503
3525
3530
3534
3537
3538
3548
3558
3561
3562
3573
3577
3578
3579
3584
3587
3605
3606
3609
3620
3623
3628
3639
3640
3658
3672
3685
3692
3698
3703
3717
3720
3722
3731
3732
3733
3734
3738
3739
3740
3742
3744
3769
3782
3783
3785
3787
3800
3807
3808
3815
3832
3834
3845
3846
3847
3869
3874
3877
3879
3885
3886
3892
3893
3912
3922
3927
3951
3955
3956
3965
3982
3993
3995
4002
4011
4013
4024
4025
4036
4047
4052
4055
4060
4061
4064
4076
4078
4082
4083
4111
4117
4128
4134
4143
4147
4157
4168
4174
4178
4179
4180
4193
4195
4202
4204
4211
4216
4224
4230
4238
4242
4253
4267
4273
4276
4278
4283
4291
4293
4294
4298
4302
4306
4313
4315
4324
4338
4340
4341
4344
4349
4357
4367
4389
4392
4416
4417
4435
4437
4445
4447
4481
4483
4490
4495
4504
4507
4508
4514
4523
4524
4528
4531
4550
4552
4560
4562
4564
4567
4581
4587
4589
4593
4598
4607
4610
4612
4616
4620
4626
4627
4630
4635
4641
4648
4662
4664
4668
4674
4695
4700
4713
4714
4724
4728
4732
4733
4747
4757
4768
4774
4778
4788
4791
4792
4816
4830
4832
4840
4841
4851
4868
4869
4870
4871
4876
4879
4881
4886
4887
4890
4896
4898
4906
4907
4909
4911
4917
4920
4923
4924
4936
4941
4942
4945
4965
4971
4975
4983
4995
4999
5000
5006
5007
5010
5011
5015
5016
5019
5021
5022
5026
5028
5035
5041
5084
5086
5087
5089
5098
5107
5108
5114
5127
5138
5142
5153
5165
5168
5184
5197
5208
5222
5223
5224
5228
5233
5234
5248
5256
5258
5260
5271
5285
5300
5303
5306
5310
5320
5339
5345
5355
5357
5362
5379
5380
5393
5400
5411
5413
5420
5424
5426
5433
5439
5454
5457
5470
5494
5507
5510
5511
5515
5538
5543
5546
5554
5557
5563
5566
5569
5578
5580
5600
5603
5605
5614
5617
5622
5632
5634
5658
5659
5665
5679
5683
5705
5706
5719
5721
5735
5738
5743
5758
5769
5770
5774
5777
5781
5787
5816
5827
5851
5859
5905
5909
5910
5914
5920
5926
5929
5931
5934
5944
5945
5946
5951
5963
5970
5983
5984
5988
5999
6004
6007
6011
6020
6023
6033
6034
6037
6038
6040
6042
6047
6054
6059
6060
6080
6092
6096
6100
6105
6106
6109
6122
6130
6133
6135
6139
6141
6152
6160
6167
6168
6170
6179
6187
6192
6197
6230
6244
6248
6252
6265
6268
6275
6280
6283
6284
6290
6297
6311
6312
6314
6316
6318
6323
6325
6326
6338
6340
6352
6353
6359
6365
6371
6372
6373
6385
6395
6400
6401
6418
6426
6455
6467
6484
6495
6505
6515
6522
6541
6544
6550
6568
6570
6573
6580
6583
6584
6588
6591
6597
6598
6605
6614
6616
6622
6626
6630
6631
6632
6641
6642
6650
6654
6655
6664
6675
6676
6690
6703
6704
6713
6719
6726
6728
6742
6744
6745
6757
6770
6781
6787
6790
6792
6794
6795
6808
6812
6821
6823
6835
6837
6845
6848
6850
6858
6877
6883
6888
6889
6892
6893
6894
6899
6918
6921
6925
6936
6937
6940
6949
6950
6959
6964
6975
6978
6985
6991
6992
6997
7008
7019
7029
7041
7044
7046
7048
7051
7069
7077
7082
7089
7093
7098
7103
7116
7117
7118
7130
7134
7144
7160
7169
7172
7173
7176
7178
7186
7191
7201
7218
7239
7254
7262
7263
7264
7269
7270
7272
7274
7276
7277
7290
7308
7313
7314
7318
7320
7321
7323
7332
7335
7338
7353
7354
7359
7361
7364
7369
7390
7401
7407
7409
7419
7421
7448
7474
7482
7483
7492
7511
7515
7522
7523
7524
7528
7533
7534
7555
7556
7564
7566
7573
7580
7582
7591
7597
7601
7615
7624
7626
7635
7642
7646
7655
7680
7683
7697
7698
7707
7708
7714
7716
7717
7719
7734
7746
7756
7760
7761
7771
7784
7793
7800
7807
7812
7818
7820
7823
7834
7838
7840
7842
7846
7849
7859
7867
7882
7888
7890
7893
7908
7911
7918
7923
7926
7931
7934
7947
7951
7952
7961
7966
7979
7981
7984
7988
7991
7994
8001
8017
8034
8038
8051
8054
8065
8069
8071
8076
8078
8079
8080
8104
8117
8130
8145
8153
8166
8172
8181
8185
8191
8192
8203
8209
8212
8228
8240
8245
8255
8261
8268
8271
8276
8294
8296
8300
8303
8326
8328
8333
8336
8355
8356
8364
8368
8371
8376
8379
8393
8398
8404
8406
8409
8412
8414
8417
8427
8434
8440
8442
8448
8452
8468
8472
8474
8496
8516
8524
8530
8539
8547
8551
8556
8557
8566
8567
8568
8572
8576
8589
8601
8607
8611
8612
8613
8615
8620
8625
8643
8646
8647
8654
8662
8672
8675
8678
8679
8683
8686
8691
8710
8718
8723
8724
8743
8751
8754
8755
8777
8778
8780
8784
8797
8802
8803
8804
8810
8822
8835
8838
8843
8844
8847
8865
8869
8870
8873
8874
8876
8892
8893
8897
8899
8905
8910
8914
8916
8920
8926
8931
8932
8941
8954
8955
8958
8963
8965
8974
8976
8977
8979
8981
8984
8986
8989
8992
8997
8999
9000
9002
9017
9024
9025
9030
9035
9038
9039
9054
9055
9063
9065
9067
9077
9078
9084
9086
9091
9097
9098
9103
9107
9108
9124
9125
9133
9136
9138
9144
9148
9149
9150
9159
9160
9170
9171
9172
9175
9178
9186
9187
9223
9226
9236
9237
9238
9241
9245
9253
9263
9265
9277
9280
9294
9302
9323
9325
9331
9332
9337
9341
9351
9357
9362
9373
9381
9402
9404
9406
9409
9413
9414
9417
9419
9427
9437
9440
9452
9454
9455
9458
9460
9463
9476
9477
9484
9487
9490
9493
9494
9496
9504
9514
9519
9521
9522
9523
9525
9527
9531
9532
9543
9544
9552
9557
9559
9560
9568
9572
9573
9574
9583
9586
9592
9607
9632
9640
9645
9646
9666
9674
9681
9689
9691
9697
9715
9719
9732
9733
9734
9743
9744
9746
9755
9758
9775
9780
9787
9788
9792
9794
9796
9798
9803
9811
9814
9821
9827
9852
9856
9871
9892
9907
9910
9912
9917
9924
9927
9938
9941
9950
9951
9952
9959
9972
10000
10002
10005
10011
10014
10015
10019
10020
10023
10026
10027
10030
10033
10038
10040
10044
10045
10048
10052
10061
10069
10072
10074
10095
10099
10103
10105
10119
10128
10129
10135
10139
10145
10147
10152
10153
10156
10159
10168
10170
10178
10187
10200
10203
10204
10206
10209
10215
10220
10226
10237
10245
10250
10251
10256
10259
10260
10272
10279
10281
10283
10286
10295
10297
10305
10313
10315
10325
10327
10334
10336
10361
10364
10368
10371
10373
10382
10384
10391
10395
10402
10417
10430
10432
10436
10438
10442
10452
10455
10459
10462
10466
10471
10473
10484
10491
10496
10498
10504
10507
10511
10512
10518
10522
10530
10531
10542
10550
10551
10557
10558
10562
10563
10565
10577
10583
10584
10587
10599
10600
10601
10602
10605
10610
10616
10620
10637
10653
10655
10658
10660
10663
10668
10669
10670
10676
10683
10687
10703
10705
10709
10727
10730
10735
10737
10758
10765
10766
10783
10811
10812
10815
10818
10832
10835
10837
10840
10844
10845
10865
10868
10875
10876
10882
10885
10886
10889
10891
10894
10900
10903
10911
10915
10922
10946
10957
10959
10962
10963
10968
10978
10987
10989
10996
10999
11001
11003
11004
11006
11009
11020
11032
11038
11044
11046
11063
11065
11076
11087
11099
11104
11105
11114
11119
11127
11130
11137
11144
11149
11153
11156
11164
11167
11170
11174
11179
11198
11201
11202
11205
11207
11213
11220
11225
11228
11231
11232
11233
11235
11242
11243
11256
11265
11267
11273
11274
11296
11311
11312
11313
11316
11320
11323
11325
11328
11329
11345
11360
11372
11375
11378
11382
11395
11402
11408
11409
11413
11436
11442
11449
11452
11454
11462
11468
11470
11485
11492
11498
11499
11503
11518
11522
11530
11542
11557
11559
11567
11574
11576
11592
11599
11602
11605
11614
11615
11619
11624
11625
11626
11639
11642
11651
11659
11665
11669
11671
11675
11687
11690
11692
11700
11702
11739
11741
11743
11745
11748
11749
11755
11756
11759
11760
11761
11764
11771
11776
11778
11796
11802
11809
11823
11827
11843
11847
11850
11861
11865
11871
11873
11889
11891
11905
11914
11923
11940
11945
11946
11947
11950
11953
11954
11956
11961
11966
11970
11978
11980
11981
11982
11983
11987
11993
12010
12013
12016
12018
12025
12032
12045
12055
12060
12066
12068
12076
12094
12095
12099
12102
12120
12121
12129
12137
12141
12151
12155
12158
12160
12170
12180
12184
12186
12187
12196
12197
12205
12210
12212
12214
12235
12240
12241
12242
12244
12257
12259
12263
12266
12269
12272
12289
12298
12300
12314
12324
12327
12331
12339
12362
12367
12368
12382
12411
12419
12423
12427
12437
12443
12449
12450
12452
12454
12460
12465
12480
12481
12483
12495
12501
12511
12520
12526
12529
12550
12557
12567
12573
12586
12591
12597
12599
12600
12618
12638
12641
12642
12660
12668
12675
12678
12692
12712
12717
12722
12732
12741
12742
12749
12751
12755
12771
12774
12811
12813
12814
12841
12847
12850
12864
12866
12867
12871
12875
12877
12885
12890
12891
12892
12902
12905
12921
12927
12942
12950
12955
12958
12960
12961
12980
12983
12984
12988
12997
13003
13007
13009
13010
13020
13025
13030
13038
13039
13042
13049
13056
13058
13063
13064
13078
13079
13086
13089
13099
13114
13125
13127
13131
13132
13133
13143
13150
13158
13168
13177
13197
13211
13212
13215
13216
13235
13236
13247
13250
13273
13281
13288
13291
13293
13294
13298
13307
13324
13325
13326
13332
13349
13357
13358
13360
13361
13362
13376
13383
13393
13408
13422
13425
13449
13457
13459
13466
13469
13471
13472
13473
13480
13482
13483
13488
13491
13497
13500
13505
13518
13519
13530
13540
13541
13545
13551
13555
13560
13564
13570
13582
13583
13584
13585
13590
13591
13609
13620
13622
13636
13645
13653
13656
13658
13662
13664
13665
13669
13676
13688
13691
13694
13698
13718
13732
13742
13748
13751
13756
13757
13765
13767
13777
13789
13796
13800
13804
13810
13813
13817
13818
13827
13851
13866
13867
13870
13873
13875
13877
13879
13882
13887
13895
13907
13908
13909
13910
13916
13920
13921
13929
13930
13935
13945
13950
13955
13963
13965
13967
13979
13981
13987
13990
13995
14012
14029
14041
14042
14043
14045
14051
14054
14062
14068
14072
14079
14080
14090
14102
14114
14118
14129
14141
14144
14148
14153
14162
14164
14165
14168
14183
14193
14206
14215
14226
14231
14242
14245
14278
14280
14283
14285
14289
14290
14294
14310
14315
14316
14317
14320
14337
14346
14347
14358
14361
14377
14378
14383
14388
14389
14394
14400
14405
14412
14414
14421
14422
14424
14425
14429
14433
14455
14464
14465
14468
14471
14473
14490
14491
14492
14498
14500
14502
14516
14521
14522
14527
14530
14553
14559
14562
14563
14570
14573
14576
14582
14591
14592
14593
14596
14597
14606
14607
14612
14613
14619
14634
14636
14637
14641
14646
14648
14649
14651
14652
14656
14659
14672
14676
14685
14688
14692
14694
14695
14707
14723
14732
14735
14740
14744
14762
14768
14770
14772
14777
14781
14784
14812
14813
14817
14822
14823
14827
14841
14846
14858
14869
14872
14875
14879
14881
14894
14897
14901
14905
14908
14918
14923
14926
14937
14938
14954
14963
14970
14971
14982
14985
14994
14999
